[LEFT_CAM_2K]
fx=1544.77
fy=1544.55
cx=1095.75
cy=617.194
k1=-0.0370114
k2=0.0242918
k3=-0.0148772
k4=0.0120023

[RIGHT_CAM_2K]
fx=1541.78
fy=1542.22
cx=1085.15
cy=588.773
k1=-0.0379823
k2=0.0268554
k3=-0.0189935
k4=0.012927

[LEFT_CAM_FHD]
fx=1544.77
fy=1544.55
cx=951.75
cy=536.194
k1=-0.0370114
k2=0.0242918
k3=-0.0148772
k4=0.0120023

[RIGHT_CAM_FHD]
fx=1541.78
fy=1542.22
cx=941.15
cy=507.773
k1=-0.0379823
k2=0.0268554
k3=-0.0189935
k4=0.012927

[LEFT_CAM_HD]
fx=772.385
fy=772.275
cx=634.375
cy=356.597
k1=-0.0370114
k2=0.0242918
k3=-0.0148772
k4=0.0120023

[RIGHT_CAM_HD]
fx=770.89
fy=771.11
cx=629.075
cy=342.3865
k1=-0.0379823
k2=0.0268554
k3=-0.0189935
k4=0.012927

[LEFT_CAM_VGA]
fx=386.1925
fy=386.1375
cx=332.6875
cy=185.7985
k1=-0.0370114
k2=0.0242918
k3=-0.0148772
k4=0.0120023

[RIGHT_CAM_VGA]
fx=385.445
fy=385.555
cx=330.0375
cy=178.69325
k1=-0.0379823
k2=0.0268554
k3=-0.0189935
k4=0.012927

[STEREO]
Baseline=62.9905
TY=-0.0583352
TZ=-0.291282
CV_2K=0.00523229
CV_FHD=0.00523229
CV_HD=0.00523229
CV_VGA=0.00523229
RX_2K=-0.00123644
RX_FHD=-0.00123644
RX_HD=-0.00123644
RX_VGA=-0.00123644
RZ_2K=0.000168052
RZ_FHD=0.000168052
RZ_HD=0.000168052
RZ_VGA=0.000168052

[MISC]
Sensor_ID=0
