[LEFT_CAM_2K]
fx=1546.03
fy=1545.92
cx=1118
cy=624.276
k1=-0.0377703
k2=0.0312893
k3=-0.0287855
k4=0.0207912

[RIGHT_CAM_2K]
fx=1540.63
fy=1540.49
cx=1099.68
cy=609.859
k1=-0.0355965
k2=0.0194124
k3=-0.0070118
k4=0.00505827

[LEFT_CAM_FHD]
fx=1546.03
fy=1545.92
cx=974
cy=543.276
k1=-0.0377703
k2=0.0312893
k3=-0.0287855
k4=0.0207912

[RIGHT_CAM_FHD]
fx=1540.63
fy=1540.49
cx=955.68
cy=528.859
k1=-0.0355965
k2=0.0194124
k3=-0.0070118
k4=0.00505827

[LEFT_CAM_HD]
fx=773.015
fy=772.96
cx=645.5
cy=360.138
k1=-0.0377703
k2=0.0312893
k3=-0.0287855
k4=0.0207912

[RIGHT_CAM_HD]
fx=770.315
fy=770.245
cx=636.34
cy=352.9295
k1=-0.0355965
k2=0.0194124
k3=-0.0070118
k4=0.00505827

[LEFT_CAM_VGA]
fx=386.5075
fy=386.48
cx=338.25
cy=187.569
k1=-0.0377703
k2=0.0312893
k3=-0.0287855
k4=0.0207912

[RIGHT_CAM_VGA]
fx=385.1575
fy=385.1225
cx=333.67
cy=183.96475
k1=-0.0355965
k2=0.0194124
k3=-0.0070118
k4=0.00505827

[STEREO]
Baseline=62.7977
TY=-0.0785083
TZ=0.474073
CV_2K=0.0058481
CV_FHD=0.0058481
CV_HD=0.0058481
CV_VGA=0.0058481
RX_2K=0.0104059
RX_FHD=0.0104059
RX_HD=0.0104059
RX_VGA=0.0104059
RZ_2K=-8.8649e-05
RZ_FHD=-8.8649e-05
RZ_HD=-8.8649e-05
RZ_VGA=-8.8649e-05

[MISC]
Sensor_ID=0
