[LEFT_CAM_2K]
fx=1544.04
fy=1543.52
cx=1107.51
cy=607.715
k1=-0.0346656
k2=0.0205644
k3=-0.00880311
k4=0.0053075

[RIGHT_CAM_2K]
fx=1543.48
fy=1543.17
cx=1088.37
cy=601.072
k1=-0.0367601
k2=0.0288777
k3=-0.0241228
k4=0.0150872

[LEFT_CAM_FHD]
fx=1544.04
fy=1543.52
cx=963.51
cy=526.715
k1=-0.0346656
k2=0.0205644
k3=-0.00880311
k4=0.0053075

[RIGHT_CAM_FHD]
fx=1543.48
fy=1543.17
cx=944.37
cy=520.072
k1=-0.0367601
k2=0.0288777
k3=-0.0241228
k4=0.0150872

[LEFT_CAM_HD]
fx=772.02
fy=771.76
cx=640.255
cy=351.8575
k1=-0.0346656
k2=0.0205644
k3=-0.00880311
k4=0.0053075

[RIGHT_CAM_HD]
fx=771.74
fy=771.585
cx=630.685
cy=348.536
k1=-0.0367601
k2=0.0288777
k3=-0.0241228
k4=0.0150872

[LEFT_CAM_VGA]
fx=386.01
fy=385.88
cx=335.6275
cy=183.42875
k1=-0.0346656
k2=0.0205644
k3=-0.00880311
k4=0.0053075

[RIGHT_CAM_VGA]
fx=385.87
fy=385.7925
cx=330.8425
cy=181.768
k1=-0.0367601
k2=0.0288777
k3=-0.0241228
k4=0.0150872

[STEREO]
Baseline=62.9709
TY=0.0322059
TZ=-0.0883453
CV_2K=0.00630292
CV_FHD=0.00630292
CV_HD=0.00630292
CV_VGA=0.00630292
RX_2K=-0.00275632
RX_FHD=-0.00275632
RX_HD=-0.00275632
RX_VGA=-0.00275632
RZ_2K=0.000507646
RZ_FHD=0.000507646
RZ_HD=0.000507646
RZ_VGA=0.000507646

[MISC]
Sensor_ID=0
