[LEFT_CAM_2K]
fx=1544.8
fy=1544.99
cx=1096.03
cy=605.553
k1=-0.0373483
k2=0.0275235
k3=-0.0255361
k4=0.0219261

[RIGHT_CAM_2K]
fx=1541.01
fy=1542.03
cx=1089.57
cy=598.809
k1=-0.0379108
k2=0.0201187
k3=-0.000809225
k4=-0.00158193

[LEFT_CAM_FHD]
fx=1544.8
fy=1544.99
cx=952.03
cy=524.553
k1=-0.0373483
k2=0.0275235
k3=-0.0255361
k4=0.0219261

[RIGHT_CAM_FHD]
fx=1541.01
fy=1542.03
cx=945.57
cy=517.809
k1=-0.0379108
k2=0.0201187
k3=-0.000809225
k4=-0.00158193

[LEFT_CAM_HD]
fx=772.4
fy=772.495
cx=634.515
cy=350.7765
k1=-0.0373483
k2=0.0275235
k3=-0.0255361
k4=0.0219261

[RIGHT_CAM_HD]
fx=770.505
fy=771.015
cx=631.285
cy=347.4045
k1=-0.0379108
k2=0.0201187
k3=-0.000809225
k4=-0.00158193

[LEFT_CAM_VGA]
fx=386.2
fy=386.2475
cx=332.7575
cy=182.88825
k1=-0.0373483
k2=0.0275235
k3=-0.0255361
k4=0.0219261

[RIGHT_CAM_VGA]
fx=385.2525
fy=385.5075
cx=331.1425
cy=181.20225
k1=-0.0379108
k2=0.0201187
k3=-0.000809225
k4=-0.00158193

[STEREO]
Baseline=62.6535
TY=-0.162527
TZ=-0.347753
CV_2K=0.00769224
CV_FHD=0.00769224
CV_HD=0.00769224
CV_VGA=0.00769224
RX_2K=0.00305303
RX_FHD=0.00305303
RX_HD=0.00305303
RX_VGA=0.00305303
RZ_2K=-5.29429e-06
RZ_FHD=-5.29429e-06
RZ_HD=-5.29429e-06
RZ_VGA=-5.29429e-06

[MISC]
Sensor_ID=0
