[LEFT_CAM_2K]
fx=1546.87
fy=1546.97
cx=1091.92
cy=629.936
k1=-0.0386639
k2=0.0276591
k3=-0.0160701
k4=0.00984358

[RIGHT_CAM_2K]
fx=1542.76
fy=1542.4
cx=1088.56
cy=596.117
k1=-0.0374192
k2=0.0211415
k3=-0.00523383
k4=0.00231705

[LEFT_CAM_FHD]
fx=1546.87
fy=1546.97
cx=947.92
cy=548.936
k1=-0.0386639
k2=0.0276591
k3=-0.0160701
k4=0.00984358

[RIGHT_CAM_FHD]
fx=1542.76
fy=1542.4
cx=944.56
cy=515.117
k1=-0.0374192
k2=0.0211415
k3=-0.00523383
k4=0.00231705

[LEFT_CAM_HD]
fx=773.435
fy=773.485
cx=632.46
cy=362.968
k1=-0.0386639
k2=0.0276591
k3=-0.0160701
k4=0.00984358

[RIGHT_CAM_HD]
fx=771.38
fy=771.2
cx=630.78
cy=346.0585
k1=-0.0374192
k2=0.0211415
k3=-0.00523383
k4=0.00231705

[LEFT_CAM_VGA]
fx=386.7175
fy=386.7425
cx=331.73
cy=188.984
k1=-0.0386639
k2=0.0276591
k3=-0.0160701
k4=0.00984358

[RIGHT_CAM_VGA]
fx=385.69
fy=385.6
cx=330.89
cy=180.52925
k1=-0.0374192
k2=0.0211415
k3=-0.00523383
k4=0.00231705

[STEREO]
Baseline=63.006
TY=0.157697
TZ=0.568565
CV_2K=0.00338822
CV_FHD=0.00338822
CV_HD=0.00338822
CV_VGA=0.00338822
RX_2K=0.000995406
RX_FHD=0.000995406
RX_HD=0.000995406
RX_VGA=0.000995406
RZ_2K=-0.000484573
RZ_FHD=-0.000484573
RZ_HD=-0.000484573
RZ_VGA=-0.000484573

[MISC]
Sensor_ID=0
