[LEFT_CAM_2K]
fx=1547.31
fy=1546.66
cx=1119
cy=619.317
k1=-0.0359334
k2=0.0220007
k3=-0.00361077
k4=-0.00174494

[RIGHT_CAM_2K]
fx=1544.5
fy=1544.76
cx=1123.66
cy=629.641
k1=-0.0388712
k2=0.0329618
k3=-0.0216974
k4=0.00925655

[LEFT_CAM_FHD]
fx=1547.31
fy=1546.66
cx=975
cy=538.317
k1=-0.0359334
k2=0.0220007
k3=-0.00361077
k4=-0.00174494

[RIGHT_CAM_FHD]
fx=1544.5
fy=1544.76
cx=979.66
cy=548.641
k1=-0.0388712
k2=0.0329618
k3=-0.0216974
k4=0.00925655

[LEFT_CAM_HD]
fx=773.655
fy=773.33
cx=646
cy=357.6585
k1=-0.0359334
k2=0.0220007
k3=-0.00361077
k4=-0.00174494

[RIGHT_CAM_HD]
fx=772.25
fy=772.38
cx=648.33
cy=362.8205
k1=-0.0388712
k2=0.0329618
k3=-0.0216974
k4=0.00925655

[LEFT_CAM_VGA]
fx=386.8275
fy=386.665
cx=338.5
cy=186.32925
k1=-0.0359334
k2=0.0220007
k3=-0.00361077
k4=-0.00174494

[RIGHT_CAM_VGA]
fx=386.125
fy=386.19
cx=339.665
cy=188.91025
k1=-0.0388712
k2=0.0329618
k3=-0.0216974
k4=0.00925655

[STEREO]
Baseline=63.0259
TY=-0.00193788
TZ=0.17727
CV_2K=0.00355213
CV_FHD=0.00355213
CV_HD=0.00355213
CV_VGA=0.00355213
RX_2K=-0.00227859
RX_FHD=-0.00227859
RX_HD=-0.00227859
RX_VGA=-0.00227859
RZ_2K=-2.79206e-05
RZ_FHD=-2.79206e-05
RZ_HD=-2.79206e-05
RZ_VGA=-2.79206e-05

[MISC]
Sensor_ID=0
