[LEFT_CAM_2K]
fx=1397.69
fy=1397.72
cx=1069.65
cy=601.849
k1=-0.172995
k2=0.0261001
p1=0.00016657
p2=-0.000109257
k3=0

[RIGHT_CAM_2K]
fx=1401.83
fy=1401.85
cx=1134.34
cy=636.146
k1=-0.17533
k2=0.028116
p1=0.000472104
p2=0.000328377
k3=0

[LEFT_CAM_FHD]
fx=1397.69
fy=1397.72
cx=925.65
cy=520.849
k1=-0.172995
k2=0.0261001
p1=0.00016657
p2=-0.000109257
k3=0

[RIGHT_CAM_FHD]
fx=1401.83
fy=1401.85
cx=990.34
cy=555.146
k1=-0.17533
k2=0.028116
p1=0.000472104
p2=0.000328377
k3=0

[LEFT_CAM_HD]
fx=698.845
fy=698.86
cx=621.325
cy=348.9245
k1=-0.172995
k2=0.0261001
p1=0.00016657
p2=-0.000109257
k3=0

[RIGHT_CAM_HD]
fx=700.915
fy=700.925
cx=653.67
cy=366.073
k1=-0.17533
k2=0.028116
p1=0.000472104
p2=0.000328377
k3=0

[LEFT_CAM_VGA]
fx=349.4225
fy=349.43
cx=326.1625
cy=181.96225
k1=-0.172995
k2=0.0261001
p1=0.00016657
p2=-0.000109257
k3=0

[RIGHT_CAM_VGA]
fx=350.4575
fy=350.4625
cx=342.335
cy=190.5365
k1=-0.17533
k2=0.028116
p1=0.000472104
p2=0.000328377
k3=0

[STEREO]
Baseline=62.9157
TY=0.0868705
TZ=-0.431931
CV_2K=-0.00275932
CV_FHD=-0.00275932
CV_HD=-0.00275932
CV_VGA=-0.00275932
RX_2K=0.00276648
RX_FHD=0.00276648
RX_HD=0.00276648
RX_VGA=0.00276648
RZ_2K=-0.000461844
RZ_FHD=-0.000461844
RZ_HD=-0.000461844
RZ_VGA=-0.000461844

[MISC]
Sensor_ID=0
