[LEFT_CAM_2K]
fx=1542.42
fy=1542.08
cx=1119.24
cy=635.731
k1=-0.0345038
k2=0.0213964
k3=-0.0113843
k4=0.00704369

[RIGHT_CAM_2K]
fx=1544.13
fy=1543.62
cx=1106.35
cy=630.636
k1=-0.03598
k2=0.0251548
k3=-0.0162106
k4=0.00906735

[LEFT_CAM_FHD]
fx=1542.42
fy=1542.08
cx=975.24
cy=554.731
k1=-0.0345038
k2=0.0213964
k3=-0.0113843
k4=0.00704369

[RIGHT_CAM_FHD]
fx=1544.13
fy=1543.62
cx=962.35
cy=549.636
k1=-0.03598
k2=0.0251548
k3=-0.0162106
k4=0.00906735

[LEFT_CAM_HD]
fx=771.21
fy=771.04
cx=646.12
cy=365.8655
k1=-0.0345038
k2=0.0213964
k3=-0.0113843
k4=0.00704369

[RIGHT_CAM_HD]
fx=772.065
fy=771.81
cx=639.675
cy=363.318
k1=-0.03598
k2=0.0251548
k3=-0.0162106
k4=0.00906735

[LEFT_CAM_VGA]
fx=385.605
fy=385.52
cx=338.56
cy=190.43275
k1=-0.0345038
k2=0.0213964
k3=-0.0113843
k4=0.00704369

[RIGHT_CAM_VGA]
fx=386.0325
fy=385.905
cx=335.3375
cy=189.159
k1=-0.03598
k2=0.0251548
k3=-0.0162106
k4=0.00906735

[STEREO]
Baseline=62.8976
TY=-0.0450307
TZ=0.0447491
CV_2K=0.00627516
CV_FHD=0.00627516
CV_HD=0.00627516
CV_VGA=0.00627516
RX_2K=0.00257514
RX_FHD=0.00257514
RX_HD=0.00257514
RX_VGA=0.00257514
RZ_2K=0.000722363
RZ_FHD=0.000722363
RZ_HD=0.000722363
RZ_VGA=0.000722363

[MISC]
Sensor_ID=0
