[LEFT_CAM_2K]
fx=1538.62
fy=1538.15
cx=1105.36
cy=609.59
k1=-0.0388885
k2=0.0339728
k3=-0.0273682
k4=0.0138774

[RIGHT_CAM_2K]
fx=1542.38
fy=1541.78
cx=1123.03
cy=610.813
k1=-0.0373395
k2=0.0298431
k3=-0.0234051
k4=0.0115655

[LEFT_CAM_FHD]
fx=1538.62
fy=1538.15
cx=961.36
cy=528.59
k1=-0.0388885
k2=0.0339728
k3=-0.0273682
k4=0.0138774

[RIGHT_CAM_FHD]
fx=1542.38
fy=1541.78
cx=979.03
cy=529.813
k1=-0.0373395
k2=0.0298431
k3=-0.0234051
k4=0.0115655

[LEFT_CAM_HD]
fx=769.31
fy=769.075
cx=639.18
cy=352.795
k1=-0.0388885
k2=0.0339728
k3=-0.0273682
k4=0.0138774

[RIGHT_CAM_HD]
fx=771.19
fy=770.89
cx=648.015
cy=353.4065
k1=-0.0373395
k2=0.0298431
k3=-0.0234051
k4=0.0115655

[LEFT_CAM_VGA]
fx=384.655
fy=384.5375
cx=335.09
cy=183.8975
k1=-0.0388885
k2=0.0339728
k3=-0.0273682
k4=0.0138774

[RIGHT_CAM_VGA]
fx=385.595
fy=385.445
cx=339.5075
cy=184.20325
k1=-0.0373395
k2=0.0298431
k3=-0.0234051
k4=0.0115655

[STEREO]
Baseline=62.9952
TY=0.0688366
TZ=-0.215283
CV_2K=0.00430885
CV_FHD=0.00430885
CV_HD=0.00430885
CV_VGA=0.00430885
RX_2K=-0.00937396
RX_FHD=-0.00937396
RX_HD=-0.00937396
RX_VGA=-0.00937396
RZ_2K=-0.000854445
RZ_FHD=-0.000854445
RZ_HD=-0.000854445
RZ_VGA=-0.000854445

[MISC]
Sensor_ID=0
