[LEFT_CAM_2K]
fx=1539.96
fy=1540.53
cx=1128.18
cy=607.204
k1=-0.0364037
k2=0.0255852
k3=-0.019852
k4=0.0145411

[RIGHT_CAM_2K]
fx=1544.46
fy=1543.88
cx=1096.99
cy=579.222
k1=-0.0350893
k2=0.0180171
k3=0.00323491
k4=-0.00731228

[LEFT_CAM_FHD]
fx=1539.96
fy=1540.53
cx=984.18
cy=526.204
k1=-0.0364037
k2=0.0255852
k3=-0.019852
k4=0.0145411

[RIGHT_CAM_FHD]
fx=1544.46
fy=1543.88
cx=952.99
cy=498.222
k1=-0.0350893
k2=0.0180171
k3=0.00323491
k4=-0.00731228

[LEFT_CAM_HD]
fx=769.98
fy=770.265
cx=650.59
cy=351.602
k1=-0.0364037
k2=0.0255852
k3=-0.019852
k4=0.0145411

[RIGHT_CAM_HD]
fx=772.23
fy=771.94
cx=634.995
cy=337.611
k1=-0.0350893
k2=0.0180171
k3=0.00323491
k4=-0.00731228

[LEFT_CAM_VGA]
fx=384.99
fy=385.1325
cx=340.795
cy=183.301
k1=-0.0364037
k2=0.0255852
k3=-0.019852
k4=0.0145411

[RIGHT_CAM_VGA]
fx=386.115
fy=385.97
cx=332.9975
cy=176.3055
k1=-0.0350893
k2=0.0180171
k3=0.00323491
k4=-0.00731228

[STEREO]
Baseline=62.9937
TY=0.186027
TZ=0.449907
CV_2K=0.00351134
CV_FHD=0.00351134
CV_HD=0.00351134
CV_VGA=0.00351134
RX_2K=-0.0019558
RX_FHD=-0.0019558
RX_HD=-0.0019558
RX_VGA=-0.0019558
RZ_2K=0.000238651
RZ_FHD=0.000238651
RZ_HD=0.000238651
RZ_VGA=0.000238651

[MISC]
Sensor_ID=0
