[LEFT_CAM_2K]
fx=1541.02
fy=1540.48
cx=1122.41
cy=618.083
k1=-0.0363541
k2=0.0253817
k3=-0.0207165
k4=0.0169283

[RIGHT_CAM_2K]
fx=1543.89
fy=1543.44
cx=1093.89
cy=590.918
k1=-0.0361798
k2=0.0251778
k3=-0.0162032
k4=0.00892287

[LEFT_CAM_FHD]
fx=1541.02
fy=1540.48
cx=978.41
cy=537.083
k1=-0.0363541
k2=0.0253817
k3=-0.0207165
k4=0.0169283

[RIGHT_CAM_FHD]
fx=1543.89
fy=1543.44
cx=949.89
cy=509.918
k1=-0.0361798
k2=0.0251778
k3=-0.0162032
k4=0.00892287

[LEFT_CAM_HD]
fx=770.51
fy=770.24
cx=647.705
cy=357.0415
k1=-0.0363541
k2=0.0253817
k3=-0.0207165
k4=0.0169283

[RIGHT_CAM_HD]
fx=771.945
fy=771.72
cx=633.445
cy=343.459
k1=-0.0361798
k2=0.0251778
k3=-0.0162032
k4=0.00892287

[LEFT_CAM_VGA]
fx=385.255
fy=385.12
cx=339.3525
cy=186.02075
k1=-0.0363541
k2=0.0253817
k3=-0.0207165
k4=0.0169283

[RIGHT_CAM_VGA]
fx=385.9725
fy=385.86
cx=332.2225
cy=179.2295
k1=-0.0361798
k2=0.0251778
k3=-0.0162032
k4=0.00892287

[STEREO]
Baseline=63.0732
TY=0.215642
TZ=0.433188
CV_2K=0.00252159
CV_FHD=0.00252159
CV_HD=0.00252159
CV_VGA=0.00252159
RX_2K=-0.00233071
RX_FHD=-0.00233071
RX_HD=-0.00233071
RX_VGA=-0.00233071
RZ_2K=0.000657126
RZ_FHD=0.000657126
RZ_HD=0.000657126
RZ_VGA=0.000657126

[MISC]
Sensor_ID=0
