[LEFT_CAM_2K]
fx=1547.13
fy=1546.82
cx=1094.13
cy=636.696
k1=-0.0345625
k2=0.0138112
k3=0.00465031
k4=-0.00147542

[RIGHT_CAM_2K]
fx=1545.19
fy=1545.32
cx=1084.34
cy=617.932
k1=-0.0358215
k2=0.0176559
k3=0.00299415
k4=-0.00543119

[LEFT_CAM_FHD]
fx=1547.13
fy=1546.82
cx=950.13
cy=555.696
k1=-0.0345625
k2=0.0138112
k3=0.00465031
k4=-0.00147542

[RIGHT_CAM_FHD]
fx=1545.19
fy=1545.32
cx=940.34
cy=536.932
k1=-0.0358215
k2=0.0176559
k3=0.00299415
k4=-0.00543119

[LEFT_CAM_HD]
fx=773.565
fy=773.41
cx=633.565
cy=366.348
k1=-0.0345625
k2=0.0138112
k3=0.00465031
k4=-0.00147542

[RIGHT_CAM_HD]
fx=772.595
fy=772.66
cx=628.67
cy=356.966
k1=-0.0358215
k2=0.0176559
k3=0.00299415
k4=-0.00543119

[LEFT_CAM_VGA]
fx=386.7825
fy=386.705
cx=332.2825
cy=190.674
k1=-0.0345625
k2=0.0138112
k3=0.00465031
k4=-0.00147542

[RIGHT_CAM_VGA]
fx=386.2975
fy=386.33
cx=329.835
cy=185.983
k1=-0.0358215
k2=0.0176559
k3=0.00299415
k4=-0.00543119

[STEREO]
Baseline=62.6786
TY=-0.052168
TZ=0.0536611
CV_2K=0.008137
CV_FHD=0.008137
CV_HD=0.008137
CV_VGA=0.008137
RX_2K=0.00075607
RX_FHD=0.00075607
RX_HD=0.00075607
RX_VGA=0.00075607
RZ_2K=-0.000200832
RZ_FHD=-0.000200832
RZ_HD=-0.000200832
RZ_VGA=-0.000200832

[MISC]
Sensor_ID=0
