[LEFT_CAM_2K]
fx=1549.62
fy=1549.13
cx=1124.49
cy=642.277
k1=-0.0348485
k2=0.0180344
k3=-0.000282488
k4=-0.00269479

[RIGHT_CAM_2K]
fx=1544.2
fy=1543.58
cx=1094.16
cy=625.805
k1=-0.0367404
k2=0.0268788
k3=-0.0165918
k4=0.00767088

[LEFT_CAM_FHD]
fx=1549.62
fy=1549.13
cx=980.49
cy=561.277
k1=-0.0348485
k2=0.0180344
k3=-0.000282488
k4=-0.00269479

[RIGHT_CAM_FHD]
fx=1544.2
fy=1543.58
cx=950.16
cy=544.805
k1=-0.0367404
k2=0.0268788
k3=-0.0165918
k4=0.00767088

[LEFT_CAM_HD]
fx=774.81
fy=774.565
cx=648.745
cy=369.1385
k1=-0.0348485
k2=0.0180344
k3=-0.000282488
k4=-0.00269479

[RIGHT_CAM_HD]
fx=772.1
fy=771.79
cx=633.58
cy=360.9025
k1=-0.0367404
k2=0.0268788
k3=-0.0165918
k4=0.00767088

[LEFT_CAM_VGA]
fx=387.405
fy=387.2825
cx=339.8725
cy=192.06925
k1=-0.0348485
k2=0.0180344
k3=-0.000282488
k4=-0.00269479

[RIGHT_CAM_VGA]
fx=386.05
fy=385.895
cx=332.29
cy=187.95125
k1=-0.0367404
k2=0.0268788
k3=-0.0165918
k4=0.00767088

[STEREO]
Baseline=63.0608
TY=-0.00414712
TZ=0.0248474
CV_2K=0.00335037
CV_FHD=0.00335037
CV_HD=0.00335037
CV_VGA=0.00335037
RX_2K=0.00150852
RX_FHD=0.00150852
RX_HD=0.00150852
RX_VGA=0.00150852
RZ_2K=0.000239213
RZ_FHD=0.000239213
RZ_HD=0.000239213
RZ_VGA=0.000239213

[MISC]
Sensor_ID=0
