[LEFT_CAM_2K]
fx=1545.43
fy=1545.67
cx=1121.98
cy=623.974
k1=-0.0372089
k2=0.0248186
k3=-0.0158436
k4=0.0114693

[RIGHT_CAM_2K]
fx=1546.05
fy=1545.93
cx=1109.55
cy=605.419
k1=-0.0362021
k2=0.0229324
k3=-0.0128515
k4=0.00940548

[LEFT_CAM_FHD]
fx=1545.43
fy=1545.67
cx=977.98
cy=542.974
k1=-0.0372089
k2=0.0248186
k3=-0.0158436
k4=0.0114693

[RIGHT_CAM_FHD]
fx=1546.05
fy=1545.93
cx=965.55
cy=524.419
k1=-0.0362021
k2=0.0229324
k3=-0.0128515
k4=0.00940548

[LEFT_CAM_HD]
fx=772.715
fy=772.835
cx=647.49
cy=359.987
k1=-0.0372089
k2=0.0248186
k3=-0.0158436
k4=0.0114693

[RIGHT_CAM_HD]
fx=773.025
fy=772.965
cx=641.275
cy=350.7095
k1=-0.0362021
k2=0.0229324
k3=-0.0128515
k4=0.00940548

[LEFT_CAM_VGA]
fx=386.3575
fy=386.4175
cx=339.245
cy=187.4935
k1=-0.0372089
k2=0.0248186
k3=-0.0158436
k4=0.0114693

[RIGHT_CAM_VGA]
fx=386.5125
fy=386.4825
cx=336.1375
cy=182.85475
k1=-0.0362021
k2=0.0229324
k3=-0.0128515
k4=0.00940548

[STEREO]
Baseline=62.8023
TY=0.0350723
TZ=0.449896
CV_2K=0.00606374
CV_FHD=0.00606374
CV_HD=0.00606374
CV_VGA=0.00606374
RX_2K=0.00250705
RX_FHD=0.00250705
RX_HD=0.00250705
RX_VGA=0.00250705
RZ_2K=-0.000396757
RZ_FHD=-0.000396757
RZ_HD=-0.000396757
RZ_VGA=-0.000396757

[MISC]
Sensor_ID=0
