[LEFT_CAM_2K]
fx=1542.27
fy=1542.03
cx=1100.7
cy=632.103
k1=-0.0354598
k2=0.0166504
k3=0.00297195
k4=-0.00340378

[RIGHT_CAM_2K]
fx=1545.27
fy=1545.09
cx=1121.88
cy=655.302
k1=-0.0364216
k2=0.021182
k3=-0.00580481
k4=0.00238019

[LEFT_CAM_FHD]
fx=1542.27
fy=1542.03
cx=956.7
cy=551.103
k1=-0.0354598
k2=0.0166504
k3=0.00297195
k4=-0.00340378

[RIGHT_CAM_FHD]
fx=1545.27
fy=1545.09
cx=977.88
cy=574.302
k1=-0.0364216
k2=0.021182
k3=-0.00580481
k4=0.00238019

[LEFT_CAM_HD]
fx=771.135
fy=771.015
cx=636.85
cy=364.0515
k1=-0.0354598
k2=0.0166504
k3=0.00297195
k4=-0.00340378

[RIGHT_CAM_HD]
fx=772.635
fy=772.545
cx=647.44
cy=375.651
k1=-0.0364216
k2=0.021182
k3=-0.00580481
k4=0.00238019

[LEFT_CAM_VGA]
fx=385.5675
fy=385.5075
cx=333.925
cy=189.52575
k1=-0.0354598
k2=0.0166504
k3=0.00297195
k4=-0.00340378

[RIGHT_CAM_VGA]
fx=386.3175
fy=386.2725
cx=339.22
cy=195.3255
k1=-0.0364216
k2=0.021182
k3=-0.00580481
k4=0.00238019

[STEREO]
Baseline=63.0036
TY=0.181708
TZ=0.42767
CV_2K=0.00134102
CV_FHD=0.00134102
CV_HD=0.00134102
CV_VGA=0.00134102
RX_2K=-0.00250372
RX_FHD=-0.00250372
RX_HD=-0.00250372
RX_VGA=-0.00250372
RZ_2K=0.000583372
RZ_FHD=0.000583372
RZ_HD=0.000583372
RZ_VGA=0.000583372

[MISC]
Sensor_ID=0
