[LEFT_CAM_2K]
fx=1067.45
fy=1067.23
cx=1103.3
cy=614.994
k1=-0.0600214
k2=0.0383054
p1=-8.7993e-05
p2=9.48915e-05
k3=-0.0157675

[RIGHT_CAM_2K]
fx=1063.92
fy=1063.83
cx=1106.42
cy=633.323
k1=-0.0675386
k2=0.050831
p1=7.46453e-05
p2=-8.46091e-05
k3=-0.0215474

[LEFT_CAM_FHD]
fx=1067.45
fy=1067.23
cx=959.3
cy=533.994
k1=-0.0600214
k2=0.0383054
p1=-8.7993e-05
p2=9.48915e-05
k3=-0.0157675

[RIGHT_CAM_FHD]
fx=1063.92
fy=1063.83
cx=962.42
cy=552.323
k1=-0.0675386
k2=0.050831
p1=7.46453e-05
p2=-8.46091e-05
k3=-0.0215474

[LEFT_CAM_HD]
fx=533.725
fy=533.615
cx=638.15
cy=355.497
k1=-0.0600214
k2=0.0383054
p1=-8.7993e-05
p2=9.48915e-05
k3=-0.0157675

[RIGHT_CAM_HD]
fx=531.96
fy=531.915
cx=639.71
cy=364.6615
k1=-0.0675386
k2=0.050831
p1=7.46453e-05
p2=-8.46091e-05
k3=-0.0215474

[LEFT_CAM_VGA]
fx=266.8625
fy=266.8075
cx=334.575
cy=185.2485
k1=-0.0600214
k2=0.0383054
p1=-8.7993e-05
p2=9.48915e-05
k3=-0.0157675

[RIGHT_CAM_VGA]
fx=265.98
fy=265.9575
cx=335.355
cy=189.83075
k1=-0.0675386
k2=0.050831
p1=7.46453e-05
p2=-8.46091e-05
k3=-0.0215474

[LEFT_DISTO]
k1=-1.48871
k2=3.30062
k3=-0.0238558
k4=-1.3992
k5=3.15278
k6=0.156583
p1=0.000126797
p2=0.000125726

[RIGHT_DISTO]
k1=-1.54564
k2=2.6776
k3=0.11413
k4=-1.45748
k5=2.52013
k6=0.282109
p1=0.000209181
p2=0.000165052

[STEREO]
Baseline=120.122
TY=-0.054358
TZ=-0.260673
CV_2K=-0.00209808
CV_FHD=-0.00209808
CV_HD=-0.00209808
CV_VGA=-0.00209808
RX_2K=0.00249155
RX_FHD=0.00249155
RX_HD=0.00249155
RX_VGA=0.00249155
RZ_2K=0.00019866
RZ_FHD=0.00019866
RZ_HD=0.00019866
RZ_VGA=0.00019866

[MISC]
Sensor_ID=0
