[LEFT_CAM_2K]
fx=1068.37
fy=1068.14
cx=1110.14
cy=632.589
k1=-0.0575583
k2=0.0315211
p1=-8.04356e-05
p2=-5.70478e-05
k3=-0.012228

[RIGHT_CAM_2K]
fx=1066.72
fy=1066.93
cx=1123.19
cy=640.198
k1=-0.0639157
k2=0.0414519
p1=-3.7499e-05
p2=0.000196784
k3=-0.0165781

[LEFT_CAM_FHD]
fx=1068.37
fy=1068.14
cx=966.14
cy=551.589
k1=-0.0575583
k2=0.0315211
p1=-8.04356e-05
p2=-5.70478e-05
k3=-0.012228

[RIGHT_CAM_FHD]
fx=1066.72
fy=1066.93
cx=979.19
cy=559.198
k1=-0.0639157
k2=0.0414519
p1=-3.7499e-05
p2=0.000196784
k3=-0.0165781

[LEFT_CAM_HD]
fx=534.185
fy=534.07
cx=641.57
cy=364.2945
k1=-0.0575583
k2=0.0315211
p1=-8.04356e-05
p2=-5.70478e-05
k3=-0.012228

[RIGHT_CAM_HD]
fx=533.36
fy=533.465
cx=648.095
cy=368.099
k1=-0.0639157
k2=0.0414519
p1=-3.7499e-05
p2=0.000196784
k3=-0.0165781

[LEFT_CAM_VGA]
fx=267.0925
fy=267.035
cx=336.285
cy=189.64725
k1=-0.0575583
k2=0.0315211
p1=-8.04356e-05
p2=-5.70478e-05
k3=-0.012228

[RIGHT_CAM_VGA]
fx=266.68
fy=266.7325
cx=339.5475
cy=191.5495
k1=-0.0639157
k2=0.0414519
p1=-3.7499e-05
p2=0.000196784
k3=-0.0165781

[LEFT_DISTO]
k1=-1.23997
k2=2.74402
k3=0.111424
k4=-1.14395
k5=2.59221
k6=0.285498
p1=8.0675e-05
p2=9.20751e-05

[RIGHT_DISTO]
k1=-1.62626
k2=3.57733
k3=0.00631103
k4=-1.53467
k5=3.42174
k6=0.204804
p1=7.76816e-05
p2=0.000191409

[STEREO]
Baseline=120.173
TY=0.0982522
TZ=-0.162296
CV_2K=-0.00295705
CV_FHD=-0.00295705
CV_HD=-0.00295705
CV_VGA=-0.00295705
RX_2K=-0.00202256
RX_FHD=-0.00202256
RX_HD=-0.00202256
RX_VGA=-0.00202256
RZ_2K=-0.000231714
RZ_FHD=-0.000231714
RZ_HD=-0.000231714
RZ_VGA=-0.000231714

[MISC]
Sensor_ID=0
