[LEFT_CAM_2K]
fx=1066.58
fy=1066.64
cx=1119.05
cy=620.634
k1=-0.0569118
k2=0.0303814
p1=0.000348014
p2=6.0671e-05
k3=-0.0118869

[RIGHT_CAM_2K]
fx=1066.07
fy=1065.91
cx=1111.23
cy=653.038
k1=-0.0574185
k2=0.0311198
p1=0.00027539
p2=0.000339372
k3=-0.012044

[LEFT_CAM_FHD]
fx=1066.58
fy=1066.64
cx=975.05
cy=539.634
k1=-0.0569118
k2=0.0303814
p1=0.000348014
p2=6.0671e-05
k3=-0.0118869

[RIGHT_CAM_FHD]
fx=1066.07
fy=1065.91
cx=967.23
cy=572.038
k1=-0.0574185
k2=0.0311198
p1=0.00027539
p2=0.000339372
k3=-0.012044

[LEFT_CAM_HD]
fx=533.29
fy=533.32
cx=646.025
cy=358.317
k1=-0.0569118
k2=0.0303814
p1=0.000348014
p2=6.0671e-05
k3=-0.0118869

[RIGHT_CAM_HD]
fx=533.035
fy=532.955
cx=642.115
cy=374.519
k1=-0.0574185
k2=0.0311198
p1=0.00027539
p2=0.000339372
k3=-0.012044

[LEFT_CAM_VGA]
fx=266.645
fy=266.66
cx=338.5125
cy=186.6585
k1=-0.0569118
k2=0.0303814
p1=0.000348014
p2=6.0671e-05
k3=-0.0118869

[RIGHT_CAM_VGA]
fx=266.5175
fy=266.4775
cx=336.5575
cy=194.7595
k1=-0.0574185
k2=0.0311198
p1=0.00027539
p2=0.000339372
k3=-0.012044

[LEFT_DISTO]
k1=-1.07816
k2=2.13184
k3=0.135836
k4=-0.983334
k5=1.98695
k6=0.286362
p1=0.000399426
p2=0.000244895

[RIGHT_DISTO]
k1=-1.01877
k2=2.36888
k3=0.13313
k4=-0.92072
k5=2.22065
k6=0.297193
p1=0.000304304
p2=0.000123809

[STEREO]
Baseline=120.044
TY=-0.0751937
TZ=-0.181804
CV_2K=-0.00246752
CV_FHD=-0.00246752
CV_HD=-0.00246752
CV_VGA=-0.00246752
RX_2K=0.00380397
RX_FHD=0.00380397
RX_HD=0.00380397
RX_VGA=0.00380397
RZ_2K=-7.22604e-05
RZ_FHD=-7.22604e-05
RZ_HD=-7.22604e-05
RZ_VGA=-7.22604e-05

[MISC]
Sensor_ID=0
