[LEFT_CAM_2K]
fx=1066.82
fy=1066.91
cx=1119.98
cy=624.381
k1=-0.0604649
k2=0.037933
p1=-0.000530255
p2=0.00016096
k3=-0.0153034

[RIGHT_CAM_2K]
fx=1068.72
fy=1068.63
cx=1121.92
cy=596.894
k1=-0.0702781
k2=0.0545942
p1=-0.000134367
p2=0.00019795
k3=-0.0229806

[LEFT_CAM_FHD]
fx=1066.82
fy=1066.91
cx=975.98
cy=543.381
k1=-0.0604649
k2=0.037933
p1=-0.000530255
p2=0.00016096
k3=-0.0153034

[RIGHT_CAM_FHD]
fx=1068.72
fy=1068.63
cx=977.92
cy=515.894
k1=-0.0702781
k2=0.0545942
p1=-0.000134367
p2=0.00019795
k3=-0.0229806

[LEFT_CAM_HD]
fx=533.41
fy=533.455
cx=646.49
cy=360.1905
k1=-0.0604649
k2=0.037933
p1=-0.000530255
p2=0.00016096
k3=-0.0153034

[RIGHT_CAM_HD]
fx=534.36
fy=534.315
cx=647.46
cy=346.447
k1=-0.0702781
k2=0.0545942
p1=-0.000134367
p2=0.00019795
k3=-0.0229806

[LEFT_CAM_VGA]
fx=266.705
fy=266.7275
cx=338.745
cy=187.59525
k1=-0.0604649
k2=0.037933
p1=-0.000530255
p2=0.00016096
k3=-0.0153034

[RIGHT_CAM_VGA]
fx=267.18
fy=267.1575
cx=339.23
cy=180.7235
k1=-0.0702781
k2=0.0545942
p1=-0.000134367
p2=0.00019795
k3=-0.0229806

[LEFT_DISTO]
k1=-1.46349
k2=3.1567
k3=0.0430506
k4=-1.37152
k5=3.00336
k6=0.225708
p1=-0.000282966
p2=0.000212431

[RIGHT_DISTO]
k1=-1.49375
k2=2.83115
k3=0.25705
k4=-1.39621
k5=2.65476
k6=0.453345
p1=6.53106e-06
p2=0.000294722

[STEREO]
Baseline=120.108
TY=-0.00620152
TZ=0.069072
CV_2K=0.000446521
CV_FHD=0.000446521
CV_HD=0.000446521
CV_VGA=0.000446521
RX_2K=0.000258934
RX_FHD=0.000258934
RX_HD=0.000258934
RX_VGA=0.000258934
RZ_2K=-0.00118913
RZ_FHD=-0.00118913
RZ_HD=-0.00118913
RZ_VGA=-0.00118913

[MISC]
Sensor_ID=0
