[LEFT_CAM_2K]
fx=1066.53
fy=1066.53
cx=1111.62
cy=620.214
k1=-0.0549027
k2=0.0285919
p1=0.000219626
p2=4.93383e-05
k3=-0.0114598

[RIGHT_CAM_2K]
fx=1067.99
fy=1067.96
cx=1119.8
cy=611.878
k1=-0.0562824
k2=0.0309414
p1=0.000535725
p2=-0.000243854
k3=-0.0126017

[LEFT_CAM_FHD]
fx=1066.53
fy=1066.53
cx=967.62
cy=539.214
k1=-0.0549027
k2=0.0285919
p1=0.000219626
p2=4.93383e-05
k3=-0.0114598

[RIGHT_CAM_FHD]
fx=1067.99
fy=1067.96
cx=975.8
cy=530.878
k1=-0.0562824
k2=0.0309414
p1=0.000535725
p2=-0.000243854
k3=-0.0126017

[LEFT_CAM_HD]
fx=533.265
fy=533.265
cx=642.31
cy=358.107
k1=-0.0549027
k2=0.0285919
p1=0.000219626
p2=4.93383e-05
k3=-0.0114598

[RIGHT_CAM_HD]
fx=533.995
fy=533.98
cx=646.4
cy=353.939
k1=-0.0562824
k2=0.0309414
p1=0.000535725
p2=-0.000243854
k3=-0.0126017

[LEFT_CAM_VGA]
fx=266.6325
fy=266.6325
cx=336.655
cy=186.5535
k1=-0.0549027
k2=0.0285919
p1=0.000219626
p2=4.93383e-05
k3=-0.0114598

[RIGHT_CAM_VGA]
fx=266.9975
fy=266.99
cx=338.7
cy=184.4695
k1=-0.0562824
k2=0.0309414
p1=0.000535725
p2=-0.000243854
k3=-0.0126017

[LEFT_DISTO]
k1=-1.87095
k2=3.19932
k3=0.0352078
k4=-1.79019
k5=3.04604
k6=0.210706
p1=0.000133137
p2=-0.000147572

[RIGHT_DISTO]
k1=-1.27031
k2=2.15357
k3=0.182704
k4=-1.18177
k5=2.00389
k6=0.334552
p1=0.000414691
p2=0.000147028

[STEREO]
Baseline=120.105
TY=-0.0368223
TZ=-0.0922763
CV_2K=-0.000104764
CV_FHD=-0.000104764
CV_HD=-0.000104764
CV_VGA=-0.000104764
RX_2K=0.000113844
RX_FHD=0.000113844
RX_HD=0.000113844
RX_VGA=0.000113844
RZ_2K=-0.000140482
RZ_FHD=-0.000140482
RZ_HD=-0.000140482
RZ_VGA=-0.000140482

[MISC]
Sensor_ID=0
