[LEFT_CAM_2K]
fx=1068.11
fy=1068.28
cx=1100.94
cy=617.811
k1=-0.0531301
k2=0.0269123
p1=0.000180772
p2=-2.58229e-05
k3=-0.0107926

[RIGHT_CAM_2K]
fx=1068.83
fy=1068.85
cx=1084.56
cy=627.491
k1=-0.0588548
k2=0.0339811
p1=0.000701936
p2=0.000152854
k3=-0.0134296

[LEFT_CAM_FHD]
fx=1068.11
fy=1068.28
cx=956.94
cy=536.811
k1=-0.0531301
k2=0.0269123
p1=0.000180772
p2=-2.58229e-05
k3=-0.0107926

[RIGHT_CAM_FHD]
fx=1068.83
fy=1068.85
cx=940.56
cy=546.491
k1=-0.0588548
k2=0.0339811
p1=0.000701936
p2=0.000152854
k3=-0.0134296

[LEFT_CAM_HD]
fx=534.055
fy=534.14
cx=636.97
cy=356.9055
k1=-0.0531301
k2=0.0269123
p1=0.000180772
p2=-2.58229e-05
k3=-0.0107926

[RIGHT_CAM_HD]
fx=534.415
fy=534.425
cx=628.78
cy=361.7455
k1=-0.0588548
k2=0.0339811
p1=0.000701936
p2=0.000152854
k3=-0.0134296

[LEFT_CAM_VGA]
fx=267.0275
fy=267.07
cx=333.985
cy=185.95275
k1=-0.0531301
k2=0.0269123
p1=0.000180772
p2=-2.58229e-05
k3=-0.0107926

[RIGHT_CAM_VGA]
fx=267.2075
fy=267.2125
cx=329.89
cy=188.37275
k1=-0.0588548
k2=0.0339811
p1=0.000701936
p2=0.000152854
k3=-0.0134296

[LEFT_DISTO]
k1=-1.21075
k2=2.72781
k3=0.0733507
k4=-1.11691
k5=2.58048
k6=0.243788
p1=0.000182633
p2=0.000358658

[RIGHT_DISTO]
k1=-1.21243
k2=3.13939
k3=0.0813118
k4=-1.11159
k5=2.98296
k6=0.276659
p1=0.000662136
p2=0.000128143

[STEREO]
Baseline=120.012
TY=0.166094
TZ=0.0529042
CV_2K=0.000419774
CV_FHD=0.000419774
CV_HD=0.000419774
CV_VGA=0.000419774
RX_2K=-0.00216259
RX_FHD=-0.00216259
RX_HD=-0.00216259
RX_VGA=-0.00216259
RZ_2K=5.08864e-05
RZ_FHD=5.08864e-05
RZ_HD=5.08864e-05
RZ_VGA=5.08864e-05

[MISC]
Sensor_ID=0
