[LEFT_CAM_2K]
fx=1066.6
fy=1066.66
cx=1109.99
cy=630.394
k1=-0.0565769
k2=0.029447
p1=0.000255849
p2=-0.000142035
k3=-0.011285

[RIGHT_CAM_2K]
fx=1070.13
fy=1070.23
cx=1113.82
cy=657.328
k1=-0.0576482
k2=0.0306192
p1=0.000637956
p2=4.70214e-05
k3=-0.0118868

[LEFT_CAM_FHD]
fx=1066.6
fy=1066.66
cx=965.99
cy=549.394
k1=-0.0565769
k2=0.029447
p1=0.000255849
p2=-0.000142035
k3=-0.011285

[RIGHT_CAM_FHD]
fx=1070.13
fy=1070.23
cx=969.82
cy=576.328
k1=-0.0576482
k2=0.0306192
p1=0.000637956
p2=4.70214e-05
k3=-0.0118868

[LEFT_CAM_HD]
fx=533.3
fy=533.33
cx=641.495
cy=363.197
k1=-0.0565769
k2=0.029447
p1=0.000255849
p2=-0.000142035
k3=-0.011285

[RIGHT_CAM_HD]
fx=535.065
fy=535.115
cx=643.41
cy=376.664
k1=-0.0576482
k2=0.0306192
p1=0.000637956
p2=4.70214e-05
k3=-0.0118868

[LEFT_CAM_VGA]
fx=266.65
fy=266.665
cx=336.2475
cy=189.0985
k1=-0.0565769
k2=0.029447
p1=0.000255849
p2=-0.000142035
k3=-0.011285

[RIGHT_CAM_VGA]
fx=267.5325
fy=267.5575
cx=337.205
cy=195.832
k1=-0.0576482
k2=0.0306192
p1=0.000637956
p2=4.70214e-05
k3=-0.0118868

[LEFT_DISTO]
k1=-0.889271
k2=1.80592
k3=0.170144
k4=-0.791647
k5=1.66196
k6=0.311612
p1=0.000288089
p2=0.000113451

[RIGHT_DISTO]
k1=-0.972833
k2=2.12434
k3=0.149783
k4=-0.875301
k5=1.97904
k6=0.304042
p1=0.000649222
p2=-8.14027e-05

[STEREO]
Baseline=119.908
TY=-0.029562
TZ=-0.00434054
CV_2K=-0.000516967
CV_FHD=-0.000516967
CV_HD=-0.000516967
CV_VGA=-0.000516967
RX_2K=-0.00033939
RX_FHD=-0.00033939
RX_HD=-0.00033939
RX_VGA=-0.00033939
RZ_2K=0.00104597
RZ_FHD=0.00104597
RZ_HD=0.00104597
RZ_VGA=0.00104597

[MISC]
Sensor_ID=0
