[LEFT_CAM_2K]
fx=1064.05
fy=1063.8
cx=1102.9
cy=642.259
k1=-0.0662344
k2=0.0469027
p1=0.000165288
p2=0.000136806
k3=-0.0193995

[RIGHT_CAM_2K]
fx=1068.78
fy=1068.75
cx=1110.06
cy=639.491
k1=-0.066068
k2=0.046036
p1=-0.000269993
p2=0.000652307
k3=-0.0187435

[LEFT_CAM_FHD]
fx=1064.05
fy=1063.8
cx=958.9
cy=561.259
k1=-0.0662344
k2=0.0469027
p1=0.000165288
p2=0.000136806
k3=-0.0193995

[RIGHT_CAM_FHD]
fx=1068.78
fy=1068.75
cx=966.06
cy=558.491
k1=-0.066068
k2=0.046036
p1=-0.000269993
p2=0.000652307
k3=-0.0187435

[LEFT_CAM_HD]
fx=532.025
fy=531.9
cx=637.95
cy=369.1295
k1=-0.0662344
k2=0.0469027
p1=0.000165288
p2=0.000136806
k3=-0.0193995

[RIGHT_CAM_HD]
fx=534.39
fy=534.375
cx=641.53
cy=367.7455
k1=-0.066068
k2=0.046036
p1=-0.000269993
p2=0.000652307
k3=-0.0187435

[LEFT_CAM_VGA]
fx=266.0125
fy=265.95
cx=334.475
cy=192.06475
k1=-0.0662344
k2=0.0469027
p1=0.000165288
p2=0.000136806
k3=-0.0193995

[RIGHT_CAM_VGA]
fx=267.195
fy=267.1875
cx=336.265
cy=191.37275
k1=-0.066068
k2=0.046036
p1=-0.000269993
p2=0.000652307
k3=-0.0187435

[LEFT_DISTO]
k1=-1.44439
k2=2.67939
k3=0.103744
k4=-1.35324
k5=2.52438
k6=0.272006
p1=0.000352861
p2=3.34753e-06

[RIGHT_DISTO]
k1=-1.46315
k2=2.46808
k3=0.197421
k4=-1.37129
k5=2.30554
k6=0.366925
p1=-0.000173296
p2=0.000803644

[STEREO]
Baseline=120.058
TY=-0.0961898
TZ=-0.141731
CV_2K=-2.91526e-05
CV_FHD=-2.91526e-05
CV_HD=-2.91526e-05
CV_VGA=-2.91526e-05
RX_2K=0.00259768
RX_FHD=0.00259768
RX_HD=0.00259768
RX_VGA=0.00259768
RZ_2K=0.000764227
RZ_FHD=0.000764227
RZ_HD=0.000764227
RZ_VGA=0.000764227

[MISC]
Sensor_ID=0
