[LEFT_CAM_2K]
fx=1066.24
fy=1066.29
cx=1137.34
cy=615.562
k1=-0.0561053
k2=0.03093
p1=4.03591e-05
p2=-9.76399e-05
k3=-0.012574

[RIGHT_CAM_2K]
fx=1070.28
fy=1070.03
cx=1124.32
cy=626.47
k1=-0.0568833
k2=0.0298894
p1=0.000230982
p2=-0.000299738
k3=-0.0115919

[LEFT_CAM_FHD]
fx=1066.24
fy=1066.29
cx=993.34
cy=534.562
k1=-0.0561053
k2=0.03093
p1=4.03591e-05
p2=-9.76399e-05
k3=-0.012574

[RIGHT_CAM_FHD]
fx=1070.28
fy=1070.03
cx=980.32
cy=545.47
k1=-0.0568833
k2=0.0298894
p1=0.000230982
p2=-0.000299738
k3=-0.0115919

[LEFT_CAM_HD]
fx=533.12
fy=533.145
cx=655.17
cy=355.781
k1=-0.0561053
k2=0.03093
p1=4.03591e-05
p2=-9.76399e-05
k3=-0.012574

[RIGHT_CAM_HD]
fx=535.14
fy=535.015
cx=648.66
cy=361.235
k1=-0.0568833
k2=0.0298894
p1=0.000230982
p2=-0.000299738
k3=-0.0115919

[LEFT_CAM_VGA]
fx=266.56
fy=266.5725
cx=343.085
cy=185.3905
k1=-0.0561053
k2=0.03093
p1=4.03591e-05
p2=-9.76399e-05
k3=-0.012574

[RIGHT_CAM_VGA]
fx=267.57
fy=267.5075
cx=339.83
cy=188.1175
k1=-0.0568833
k2=0.0298894
p1=0.000230982
p2=-0.000299738
k3=-0.0115919

[LEFT_DISTO]
k1=-0.796255
k2=1.37653
k3=0.188537
k4=-0.703165
k5=1.24218
k6=0.30903
p1=0.000108566
p2=0.000194354

[RIGHT_DISTO]
k1=-1.0382
k2=2.29175
k3=0.116726
k4=-0.94216
k5=2.14658
k6=0.273504
p1=0.000301392
p2=-0.00032678

[STEREO]
Baseline=119.951
TY=-0.153696
TZ=-0.176028
CV_2K=-0.000298034
CV_FHD=-0.000298034
CV_HD=-0.000298034
CV_VGA=-0.000298034
RX_2K=0.0020287
RX_FHD=0.0020287
RX_HD=0.0020287
RX_VGA=0.0020287
RZ_2K=0.000680366
RZ_FHD=0.000680366
RZ_HD=0.000680366
RZ_VGA=0.000680366

[MISC]
Sensor_ID=0
