[LEFT_CAM_2K]
fx=1065.53
fy=1065.66
cx=1124.15
cy=626.686
k1=-0.0536955
k2=0.0276822
p1=0.000257541
p2=0.00017167
k3=-0.0111251

[RIGHT_CAM_2K]
fx=1066.95
fy=1067.09
cx=1121.29
cy=629.557
k1=-0.0538489
k2=0.0253076
p1=0.000347996
p2=-0.000258055
k3=-0.00972974

[LEFT_CAM_FHD]
fx=1065.53
fy=1065.66
cx=980.15
cy=545.686
k1=-0.0536955
k2=0.0276822
p1=0.000257541
p2=0.00017167
k3=-0.0111251

[RIGHT_CAM_FHD]
fx=1066.95
fy=1067.09
cx=977.29
cy=548.557
k1=-0.0538489
k2=0.0253076
p1=0.000347996
p2=-0.000258055
k3=-0.00972974

[LEFT_CAM_HD]
fx=532.765
fy=532.83
cx=648.575
cy=361.343
k1=-0.0536955
k2=0.0276822
p1=0.000257541
p2=0.00017167
k3=-0.0111251

[RIGHT_CAM_HD]
fx=533.475
fy=533.545
cx=647.145
cy=362.7785
k1=-0.0538489
k2=0.0253076
p1=0.000347996
p2=-0.000258055
k3=-0.00972974

[LEFT_CAM_VGA]
fx=266.3825
fy=266.415
cx=339.7875
cy=188.1715
k1=-0.0536955
k2=0.0276822
p1=0.000257541
p2=0.00017167
k3=-0.0111251

[RIGHT_CAM_VGA]
fx=266.7375
fy=266.7725
cx=339.0725
cy=188.88925
k1=-0.0538489
k2=0.0253076
p1=0.000347996
p2=-0.000258055
k3=-0.00972974

[LEFT_DISTO]
k1=-1.10972
k2=2.21369
k3=0.132952
k4=-1.0167
k5=2.06843
k6=0.285305
p1=0.000278603
p2=0.000488911

[RIGHT_DISTO]
k1=-0.869397
k2=1.95529
k3=0.133045
k4=-0.773758
k5=1.81803
k6=0.275817
p1=0.000394556
p2=-0.000317301

[STEREO]
Baseline=119.946
TY=0.098101
TZ=0.103489
CV_2K=0.00015171
CV_FHD=0.00015171
CV_HD=0.00015171
CV_VGA=0.00015171
RX_2K=0.000465389
RX_FHD=0.000465389
RX_HD=0.000465389
RX_VGA=0.000465389
RZ_2K=-2.34003e-05
RZ_FHD=-2.34003e-05
RZ_HD=-2.34003e-05
RZ_VGA=-2.34003e-05

[MISC]
Sensor_ID=0
