[LEFT_CAM_2K]
fx=1068.71
fy=1068.86
cx=1123.52
cy=610.426
k1=-0.0579196
k2=0.0326567
p1=0.000383444
p2=-0.000516457
k3=-0.0130305

[RIGHT_CAM_2K]
fx=1068
fy=1067.98
cx=1098.77
cy=611.736
k1=-0.0562107
k2=0.0306287
p1=0.000383911
p2=0.000162841
k3=-0.0121972

[LEFT_CAM_FHD]
fx=1068.71
fy=1068.86
cx=979.52
cy=529.426
k1=-0.0579196
k2=0.0326567
p1=0.000383444
p2=-0.000516457
k3=-0.0130305

[RIGHT_CAM_FHD]
fx=1068
fy=1067.98
cx=954.77
cy=530.736
k1=-0.0562107
k2=0.0306287
p1=0.000383911
p2=0.000162841
k3=-0.0121972

[LEFT_CAM_HD]
fx=534.355
fy=534.43
cx=648.26
cy=353.213
k1=-0.0579196
k2=0.0326567
p1=0.000383444
p2=-0.000516457
k3=-0.0130305

[RIGHT_CAM_HD]
fx=534
fy=533.99
cx=635.885
cy=353.868
k1=-0.0562107
k2=0.0306287
p1=0.000383911
p2=0.000162841
k3=-0.0121972

[LEFT_CAM_VGA]
fx=267.1775
fy=267.215
cx=339.63
cy=184.1065
k1=-0.0579196
k2=0.0326567
p1=0.000383444
p2=-0.000516457
k3=-0.0130305

[RIGHT_CAM_VGA]
fx=267
fy=266.995
cx=333.4425
cy=184.434
k1=-0.0562107
k2=0.0306287
p1=0.000383911
p2=0.000162841
k3=-0.0121972

[LEFT_DISTO]
k1=-1.25016
k2=2.4968
k3=0.123613
k4=-1.15637
k5=2.3453
k6=0.289477
p1=0.000400137
p2=-0.000161988

[RIGHT_DISTO]
k1=-1.07243
k2=1.98627
k3=0.179753
k4=-0.978423
k5=1.83753
k6=0.328039
p1=0.000408853
p2=0.000153214

[STEREO]
Baseline=119.981
TY=-0.0256726
TZ=0.0339018
CV_2K=7.32313e-05
CV_FHD=7.32313e-05
CV_HD=7.32313e-05
CV_VGA=7.32313e-05
RX_2K=0.0020764
RX_FHD=0.0020764
RX_HD=0.0020764
RX_VGA=0.0020764
RZ_2K=0.000421644
RZ_FHD=0.000421644
RZ_HD=0.000421644
RZ_VGA=0.000421644

[MISC]
Sensor_ID=0
