[LEFT_CAM_2K]
fx=1066.23
fy=1066.37
cx=1155.7
cy=628.553
k1=-0.0559419
k2=0.0313244
p1=0.000193455
p2=-7.9096e-05
k3=-0.0128478

[RIGHT_CAM_2K]
fx=1067.79
fy=1067.83
cx=1128.8
cy=635.093
k1=-0.0529417
k2=0.0249018
p1=5.19772e-05
p2=3.82587e-05
k3=-0.00959196

[LEFT_CAM_FHD]
fx=1066.23
fy=1066.37
cx=1011.7
cy=547.553
k1=-0.0559419
k2=0.0313244
p1=0.000193455
p2=-7.9096e-05
k3=-0.0128478

[RIGHT_CAM_FHD]
fx=1067.79
fy=1067.83
cx=984.8
cy=554.093
k1=-0.0529417
k2=0.0249018
p1=5.19772e-05
p2=3.82587e-05
k3=-0.00959196

[LEFT_CAM_HD]
fx=533.115
fy=533.185
cx=664.35
cy=362.2765
k1=-0.0559419
k2=0.0313244
p1=0.000193455
p2=-7.9096e-05
k3=-0.0128478

[RIGHT_CAM_HD]
fx=533.895
fy=533.915
cx=650.9
cy=365.5465
k1=-0.0529417
k2=0.0249018
p1=5.19772e-05
p2=3.82587e-05
k3=-0.00959196

[LEFT_CAM_VGA]
fx=266.5575
fy=266.5925
cx=347.675
cy=188.63825
k1=-0.0559419
k2=0.0313244
p1=0.000193455
p2=-7.9096e-05
k3=-0.0128478

[RIGHT_CAM_VGA]
fx=266.9475
fy=266.9575
cx=340.95
cy=190.27325
k1=-0.0529417
k2=0.0249018
p1=5.19772e-05
p2=3.82587e-05
k3=-0.00959196

[LEFT_DISTO]
k1=-1.16964
k2=2.25056
k3=0.135472
k4=-1.07605
k5=2.10229
k6=0.291357
p1=0.000201155
p2=0.000207008

[RIGHT_DISTO]
k1=-0.730574
k2=1.73002
k3=0.190732
k4=-0.631988
k5=1.58935
k6=0.331777
p1=8.43381e-05
p2=-7.85891e-05

[STEREO]
Baseline=120.009
TY=-0.0780414
TZ=0.128249
CV_2K=-0.000274908
CV_FHD=-0.000274908
CV_HD=-0.000274908
CV_VGA=-0.000274908
RX_2K=0.0017921
RX_FHD=0.0017921
RX_HD=0.0017921
RX_VGA=0.0017921
RZ_2K=0.00046886
RZ_FHD=0.00046886
RZ_HD=0.00046886
RZ_VGA=0.00046886

[MISC]
Sensor_ID=0
