[LEFT_CAM_2K]
fx=1065.18
fy=1064.63
cx=1076.75
cy=630.572
k1=-0.0655628
k2=0.0449701
p1=-0.000268952
p2=0.000771021
k3=-0.0185309

[RIGHT_CAM_2K]
fx=1069.32
fy=1069.21
cx=1122.29
cy=645.199
k1=-0.0639851
k2=0.0413307
p1=-2.91745e-05
p2=0.000540446
k3=-0.0163653

[LEFT_CAM_FHD]
fx=1065.18
fy=1064.63
cx=932.75
cy=549.572
k1=-0.0655628
k2=0.0449701
p1=-0.000268952
p2=0.000771021
k3=-0.0185309

[RIGHT_CAM_FHD]
fx=1069.32
fy=1069.21
cx=978.29
cy=564.199
k1=-0.0639851
k2=0.0413307
p1=-2.91745e-05
p2=0.000540446
k3=-0.0163653

[LEFT_CAM_HD]
fx=532.59
fy=532.315
cx=624.875
cy=363.286
k1=-0.0655628
k2=0.0449701
p1=-0.000268952
p2=0.000771021
k3=-0.0185309

[RIGHT_CAM_HD]
fx=534.66
fy=534.605
cx=647.645
cy=370.5995
k1=-0.0639851
k2=0.0413307
p1=-2.91745e-05
p2=0.000540446
k3=-0.0163653

[LEFT_CAM_VGA]
fx=266.295
fy=266.1575
cx=327.9375
cy=189.143
k1=-0.0655628
k2=0.0449701
p1=-0.000268952
p2=0.000771021
k3=-0.0185309

[RIGHT_CAM_VGA]
fx=267.33
fy=267.3025
cx=339.3225
cy=192.79975
k1=-0.0639851
k2=0.0413307
p1=-2.91745e-05
p2=0.000540446
k3=-0.0163653

[LEFT_DISTO]
k1=-1.47804
k2=2.70926
k3=0.0725728
k4=-1.38485
k5=2.54957
k6=0.243505
p1=-0.000233763
p2=0.000516366

[RIGHT_DISTO]
k1=-1.68372
k2=3.51067
k3=0.0183604
k4=-1.594
k5=3.35579
k6=0.212332
p1=-2.2787e-05
p2=0.000706254

[STEREO]
Baseline=119.985
TY=-0.0561258
TZ=-0.0961685
CV_2K=0.000195512
CV_FHD=0.000195512
CV_HD=0.000195512
CV_VGA=0.000195512
RX_2K=0.00059876
RX_FHD=0.00059876
RX_HD=0.00059876
RX_VGA=0.00059876
RZ_2K=0.00121917
RZ_FHD=0.00121917
RZ_HD=0.00121917
RZ_VGA=0.00121917

[MISC]
Sensor_ID=0
