[LEFT_CAM_2K]
fx=1069.03
fy=1069.58
cx=1100.85
cy=614.043
k1=-0.0513828
k2=0.0237379
p1=0.000383412
p2=-0.00052172
k3=-0.00952933

[RIGHT_CAM_2K]
fx=1071.32
fy=1071.68
cx=1122.22
cy=610.525
k1=-0.0536086
k2=0.0254323
p1=-0.000262216
p2=-2.96637e-05
k3=-0.00992737

[LEFT_CAM_FHD]
fx=1069.03
fy=1069.58
cx=956.85
cy=533.043
k1=-0.0513828
k2=0.0237379
p1=0.000383412
p2=-0.00052172
k3=-0.00952933

[RIGHT_CAM_FHD]
fx=1071.32
fy=1071.68
cx=978.22
cy=529.525
k1=-0.0536086
k2=0.0254323
p1=-0.000262216
p2=-2.96637e-05
k3=-0.00992737

[LEFT_CAM_HD]
fx=534.515
fy=534.79
cx=636.925
cy=355.0215
k1=-0.0513828
k2=0.0237379
p1=0.000383412
p2=-0.00052172
k3=-0.00952933

[RIGHT_CAM_HD]
fx=535.66
fy=535.84
cx=647.61
cy=353.2625
k1=-0.0536086
k2=0.0254323
p1=-0.000262216
p2=-2.96637e-05
k3=-0.00992737

[LEFT_CAM_VGA]
fx=267.2575
fy=267.395
cx=333.9625
cy=185.01075
k1=-0.0513828
k2=0.0237379
p1=0.000383412
p2=-0.00052172
k3=-0.00952933

[RIGHT_CAM_VGA]
fx=267.83
fy=267.92
cx=339.305
cy=184.13125
k1=-0.0536086
k2=0.0254323
p1=-0.000262216
p2=-2.96637e-05
k3=-0.00992737

[LEFT_DISTO]
k1=-1.26819
k2=2.79649
k3=0.0659159
k4=-1.17687
k5=2.6536
k6=0.235814
p1=0.000361331
p2=-0.000391754

[RIGHT_DISTO]
k1=-1.09541
k2=2.56566
k3=0.113242
k4=-0.998027
k5=2.41802
k6=0.283627
p1=-0.000272245
p2=-0.000238241

[STEREO]
Baseline=120.042
TY=0.00116828
TZ=-0.156898
CV_2K=-0.000771127
CV_FHD=-0.000771127
CV_HD=-0.000771127
CV_VGA=-0.000771127
RX_2K=-0.000459735
RX_FHD=-0.000459735
RX_HD=-0.000459735
RX_VGA=-0.000459735
RZ_2K=0.000277524
RZ_FHD=0.000277524
RZ_HD=0.000277524
RZ_VGA=0.000277524

[MISC]
Sensor_ID=0
