[LEFT_CAM_2K]
fx=1067.13
fy=1066.93
cx=1148.67
cy=629.582
k1=-0.0562791
k2=0.0331333
p1=0.000222477
p2=3.61918e-05
k3=-0.0137983

[RIGHT_CAM_2K]
fx=1065.81
fy=1065.66
cx=1136.96
cy=644.634
k1=-0.0514051
k2=0.0229019
p1=0.000208689
p2=0.000227909
k3=-0.00877114

[LEFT_CAM_FHD]
fx=1067.13
fy=1066.93
cx=1004.67
cy=548.582
k1=-0.0562791
k2=0.0331333
p1=0.000222477
p2=3.61918e-05
k3=-0.0137983

[RIGHT_CAM_FHD]
fx=1065.81
fy=1065.66
cx=992.96
cy=563.634
k1=-0.0514051
k2=0.0229019
p1=0.000208689
p2=0.000227909
k3=-0.00877114

[LEFT_CAM_HD]
fx=533.565
fy=533.465
cx=660.835
cy=362.791
k1=-0.0562791
k2=0.0331333
p1=0.000222477
p2=3.61918e-05
k3=-0.0137983

[RIGHT_CAM_HD]
fx=532.905
fy=532.83
cx=654.98
cy=370.317
k1=-0.0514051
k2=0.0229019
p1=0.000208689
p2=0.000227909
k3=-0.00877114

[LEFT_CAM_VGA]
fx=266.7825
fy=266.7325
cx=345.9175
cy=188.8955
k1=-0.0562791
k2=0.0331333
p1=0.000222477
p2=3.61918e-05
k3=-0.0137983

[RIGHT_CAM_VGA]
fx=266.4525
fy=266.415
cx=342.99
cy=192.6585
k1=-0.0514051
k2=0.0229019
p1=0.000208689
p2=0.000227909
k3=-0.00877114

[LEFT_DISTO]
k1=-1.09891
k2=2.28818
k3=0.151795
k4=-1.00246
k5=2.13754
k6=0.312065
p1=0.000284749
p2=0.000170561

[RIGHT_DISTO]
k1=-0.998773
k2=2.40171
k3=0.139162
k4=-0.90039
k5=2.25242
k6=0.304716
p1=0.00027388
p2=-5.40598e-05

[STEREO]
Baseline=120.065
TY=-0.0651455
TZ=-0.200541
CV_2K=-0.005522
CV_FHD=-0.005522
CV_HD=-0.005522
CV_VGA=-0.005522
RX_2K=0.00209513
RX_FHD=0.00209513
RX_HD=0.00209513
RX_VGA=0.00209513
RZ_2K=0.000636766
RZ_FHD=0.000636766
RZ_HD=0.000636766
RZ_VGA=0.000636766

[MISC]
Sensor_ID=0
