[LEFT_CAM_2K]
fx=1070.06
fy=1069.91
cx=1100.04
cy=608.445
k1=-0.0648308
k2=0.0441843
p1=9.79957e-05
p2=0.00042937
k3=-0.0179677

[RIGHT_CAM_2K]
fx=1065.84
fy=1065.64
cx=1100.11
cy=583.597
k1=-0.0670813
k2=0.0480454
p1=-6.44008e-05
p2=-6.4235e-05
k3=-0.0197548

[LEFT_CAM_FHD]
fx=1070.06
fy=1069.91
cx=956.04
cy=527.445
k1=-0.0648308
k2=0.0441843
p1=9.79957e-05
p2=0.00042937
k3=-0.0179677

[RIGHT_CAM_FHD]
fx=1065.84
fy=1065.64
cx=956.11
cy=502.597
k1=-0.0670813
k2=0.0480454
p1=-6.44008e-05
p2=-6.4235e-05
k3=-0.0197548

[LEFT_CAM_HD]
fx=535.03
fy=534.955
cx=636.52
cy=352.2225
k1=-0.0648308
k2=0.0441843
p1=9.79957e-05
p2=0.00042937
k3=-0.0179677

[RIGHT_CAM_HD]
fx=532.92
fy=532.82
cx=636.555
cy=339.7985
k1=-0.0670813
k2=0.0480454
p1=-6.44008e-05
p2=-6.4235e-05
k3=-0.0197548

[LEFT_CAM_VGA]
fx=267.515
fy=267.4775
cx=333.76
cy=183.61125
k1=-0.0648308
k2=0.0441843
p1=9.79957e-05
p2=0.00042937
k3=-0.0179677

[RIGHT_CAM_VGA]
fx=266.46
fy=266.41
cx=333.7775
cy=177.39925
k1=-0.0670813
k2=0.0480454
p1=-6.44008e-05
p2=-6.4235e-05
k3=-0.0197548

[LEFT_DISTO]
k1=-0.854974
k2=1.22978
k3=0.298513
k4=-0.757698
k5=1.07809
k6=0.427145
p1=0.000327798
p2=0.000347022

[RIGHT_DISTO]
k1=-1.10825
k2=2.51547
k3=0.184026
k4=-1.00875
k5=2.35796
k6=0.359373
p1=4.22076e-05
p2=0.000262055

[STEREO]
Baseline=120.155
TY=-0.0299988
TZ=-0.0891768
CV_2K=-0.000503628
CV_FHD=-0.000503628
CV_HD=-0.000503628
CV_VGA=-0.000503628
RX_2K=0.000262699
RX_FHD=0.000262699
RX_HD=0.000262699
RX_VGA=0.000262699
RZ_2K=-0.000550616
RZ_FHD=-0.000550616
RZ_HD=-0.000550616
RZ_VGA=-0.000550616

[MISC]
Sensor_ID=0
