[LEFT_CAM_2K]
fx=1066.24
fy=1066.26
cx=1121.1
cy=654.373
k1=-0.0510803
k2=0.0251124
p1=0.000380903
p2=-0.00055443
k3=-0.0103439

[RIGHT_CAM_2K]
fx=1066.29
fy=1066.12
cx=1119.14
cy=639.396
k1=-0.0540324
k2=0.0251348
p1=0.000270746
p2=0.00041258
k3=-0.00950243

[LEFT_CAM_FHD]
fx=1066.24
fy=1066.26
cx=977.1
cy=573.373
k1=-0.0510803
k2=0.0251124
p1=0.000380903
p2=-0.00055443
k3=-0.0103439

[RIGHT_CAM_FHD]
fx=1066.29
fy=1066.12
cx=975.14
cy=558.396
k1=-0.0540324
k2=0.0251348
p1=0.000270746
p2=0.00041258
k3=-0.00950243

[LEFT_CAM_HD]
fx=533.12
fy=533.13
cx=647.05
cy=375.1865
k1=-0.0510803
k2=0.0251124
p1=0.000380903
p2=-0.00055443
k3=-0.0103439

[RIGHT_CAM_HD]
fx=533.145
fy=533.06
cx=646.07
cy=367.698
k1=-0.0540324
k2=0.0251348
p1=0.000270746
p2=0.00041258
k3=-0.00950243

[LEFT_CAM_VGA]
fx=266.56
fy=266.565
cx=339.025
cy=195.09325
k1=-0.0510803
k2=0.0251124
p1=0.000380903
p2=-0.00055443
k3=-0.0103439

[RIGHT_CAM_VGA]
fx=266.5725
fy=266.53
cx=338.535
cy=191.349
k1=-0.0540324
k2=0.0251348
p1=0.000270746
p2=0.00041258
k3=-0.00950243

[LEFT_DISTO]
k1=-1.24074
k2=2.46184
k3=0.105039
k4=-1.14926
k5=2.31378
k6=0.265119
p1=0.00042754
p2=-0.000301353

[RIGHT_DISTO]
k1=-1.00168
k2=2.46858
k3=0.131948
k4=-0.901389
k5=2.31894
k6=0.3018
p1=0.000333757
p2=0.000212975

[STEREO]
Baseline=120.157
TY=-0.0422298
TZ=-0.387353
CV_2K=-0.00544806
CV_FHD=-0.00544806
CV_HD=-0.00544806
CV_VGA=-0.00544806
RX_2K=-0.00211355
RX_FHD=-0.00211355
RX_HD=-0.00211355
RX_VGA=-0.00211355
RZ_2K=0.00117898
RZ_FHD=0.00117898
RZ_HD=0.00117898
RZ_VGA=0.00117898

[MISC]
Sensor_ID=0
