[LEFT_CAM_2K]
fx=1068.39
fy=1068.13
cx=1111.52
cy=623.382
k1=-0.0644858
k2=0.0434698
p1=-0.000759388
p2=0.00017469
k3=-0.0177612

[RIGHT_CAM_2K]
fx=1067.32
fy=1067.18
cx=1126
cy=602.12
k1=-0.0667454
k2=0.0490732
p1=3.28545e-05
p2=-0.000223819
k3=-0.0205167

[LEFT_CAM_FHD]
fx=1068.39
fy=1068.13
cx=967.52
cy=542.382
k1=-0.0644858
k2=0.0434698
p1=-0.000759388
p2=0.00017469
k3=-0.0177612

[RIGHT_CAM_FHD]
fx=1067.32
fy=1067.18
cx=982
cy=521.12
k1=-0.0667454
k2=0.0490732
p1=3.28545e-05
p2=-0.000223819
k3=-0.0205167

[LEFT_CAM_HD]
fx=534.195
fy=534.065
cx=642.26
cy=359.691
k1=-0.0644858
k2=0.0434698
p1=-0.000759388
p2=0.00017469
k3=-0.0177612

[RIGHT_CAM_HD]
fx=533.66
fy=533.59
cx=649.5
cy=349.06
k1=-0.0667454
k2=0.0490732
p1=3.28545e-05
p2=-0.000223819
k3=-0.0205167

[LEFT_CAM_VGA]
fx=267.0975
fy=267.0325
cx=336.63
cy=187.3455
k1=-0.0644858
k2=0.0434698
p1=-0.000759388
p2=0.00017469
k3=-0.0177612

[RIGHT_CAM_VGA]
fx=266.83
fy=266.795
cx=340.25
cy=182.03
k1=-0.0667454
k2=0.0490732
p1=3.28545e-05
p2=-0.000223819
k3=-0.0205167

[LEFT_DISTO]
k1=-1.4932
k2=2.39961
k3=0.116822
k4=-1.40567
k5=2.24671
k6=0.271846
p1=-0.000522
p2=0.000198211

[RIGHT_DISTO]
k1=-1.44338
k2=2.10226
k3=0.229871
k4=-1.35448
k5=1.94143
k6=0.384449
p1=0.000128122
p2=9.27966e-05

[STEREO]
Baseline=120.103
TY=0.0098769
TZ=-0.29188
CV_2K=-0.00207231
CV_FHD=-0.00207231
CV_HD=-0.00207231
CV_VGA=-0.00207231
RX_2K=-0.00150925
RX_FHD=-0.00150925
RX_HD=-0.00150925
RX_VGA=-0.00150925
RZ_2K=-0.000856211
RZ_FHD=-0.000856211
RZ_HD=-0.000856211
RZ_VGA=-0.000856211

[MISC]
Sensor_ID=0
