[LEFT_CAM_2K]
fx=1065.72
fy=1065.73
cx=1097.21
cy=644.791
k1=-0.0593402
k2=0.03522
p1=0.000149358
p2=-0.000114025
k3=-0.0141702

[RIGHT_CAM_2K]
fx=1062.82
fy=1062.91
cx=1104.07
cy=576.238
k1=-0.0675827
k2=0.049212
p1=-0.000207729
p2=-0.000507675
k3=-0.0205045

[LEFT_CAM_FHD]
fx=1065.72
fy=1065.73
cx=953.21
cy=563.791
k1=-0.0593402
k2=0.03522
p1=0.000149358
p2=-0.000114025
k3=-0.0141702

[RIGHT_CAM_FHD]
fx=1062.82
fy=1062.91
cx=960.07
cy=495.238
k1=-0.0675827
k2=0.049212
p1=-0.000207729
p2=-0.000507675
k3=-0.0205045

[LEFT_CAM_HD]
fx=532.86
fy=532.865
cx=635.105
cy=370.3955
k1=-0.0593402
k2=0.03522
p1=0.000149358
p2=-0.000114025
k3=-0.0141702

[RIGHT_CAM_HD]
fx=531.41
fy=531.455
cx=638.535
cy=336.119
k1=-0.0675827
k2=0.049212
p1=-0.000207729
p2=-0.000507675
k3=-0.0205045

[LEFT_CAM_VGA]
fx=266.43
fy=266.4325
cx=333.0525
cy=192.69775
k1=-0.0593402
k2=0.03522
p1=0.000149358
p2=-0.000114025
k3=-0.0141702

[RIGHT_CAM_VGA]
fx=265.705
fy=265.7275
cx=334.7675
cy=175.5595
k1=-0.0675827
k2=0.049212
p1=-0.000207729
p2=-0.000507675
k3=-0.0205045

[LEFT_DISTO]
k1=-1.44353
k2=3.38809
k3=0.0146512
k4=-1.35059
k5=3.23611
k6=0.206451
p1=2.14707e-05
p2=-0.000128532

[RIGHT_DISTO]
k1=-1.45601
k2=3.42844
k3=0.0370458
k4=-1.36301
k5=3.27551
k6=0.231922
p1=-0.000175479
p2=-0.000157905

[STEREO]
Baseline=120.169
TY=-0.0471239
TZ=-0.215977
CV_2K=-0.00254828
CV_FHD=-0.00254828
CV_HD=-0.00254828
CV_VGA=-0.00254828
RX_2K=-0.0011518
RX_FHD=-0.0011518
RX_HD=-0.0011518
RX_VGA=-0.0011518
RZ_2K=-0.000516278
RZ_FHD=-0.000516278
RZ_HD=-0.000516278
RZ_VGA=-0.000516278

[MISC]
Sensor_ID=0
