[LEFT_CAM_2K]
fx=1066.84
fy=1067.09
cx=1124.03
cy=618.951
k1=-0.054514
k2=0.0288773
p1=0.000633901
p2=-6.5608e-05
k3=-0.0115382

[RIGHT_CAM_2K]
fx=1063.9
fy=1063.76
cx=1117.69
cy=607.292
k1=-0.0536231
k2=0.0260011
p1=0.000441632
p2=0.000123264
k3=-0.0100532

[LEFT_CAM_FHD]
fx=1066.84
fy=1067.09
cx=980.03
cy=537.951
k1=-0.054514
k2=0.0288773
p1=0.000633901
p2=-6.5608e-05
k3=-0.0115382

[RIGHT_CAM_FHD]
fx=1063.9
fy=1063.76
cx=973.69
cy=526.292
k1=-0.0536231
k2=0.0260011
p1=0.000441632
p2=0.000123264
k3=-0.0100532

[LEFT_CAM_HD]
fx=533.42
fy=533.545
cx=648.515
cy=357.4755
k1=-0.054514
k2=0.0288773
p1=0.000633901
p2=-6.5608e-05
k3=-0.0115382

[RIGHT_CAM_HD]
fx=531.95
fy=531.88
cx=645.345
cy=351.646
k1=-0.0536231
k2=0.0260011
p1=0.000441632
p2=0.000123264
k3=-0.0100532

[LEFT_CAM_VGA]
fx=266.71
fy=266.7725
cx=339.7575
cy=186.23775
k1=-0.054514
k2=0.0288773
p1=0.000633901
p2=-6.5608e-05
k3=-0.0115382

[RIGHT_CAM_VGA]
fx=265.975
fy=265.94
cx=338.1725
cy=183.323
k1=-0.0536231
k2=0.0260011
p1=0.000441632
p2=0.000123264
k3=-0.0100532

[LEFT_DISTO]
k1=-1.24133
k2=2.62631
k3=0.125932
k4=-1.14515
k5=2.4719
k6=0.298783
p1=0.000571314
p2=0.000122299

[RIGHT_DISTO]
k1=-1.20355
k2=3.01206
k3=0.0753838
k4=-1.10445
k5=2.85817
k6=0.262734
p1=0.000396386
p2=-0.000105077

[STEREO]
Baseline=120.032
TY=0.0304837
TZ=-0.128744
CV_2K=-0.00110672
CV_FHD=-0.00110672
CV_HD=-0.00110672
CV_VGA=-0.00110672
RX_2K=-0.000163429
RX_FHD=-0.000163429
RX_HD=-0.000163429
RX_VGA=-0.000163429
RZ_2K=0.000324489
RZ_FHD=0.000324489
RZ_HD=0.000324489
RZ_VGA=0.000324489

[MISC]
Sensor_ID=0
