[LEFT_CAM_2K]
fx=1066.32
fy=1066.47
cx=1110.12
cy=617.09
k1=-0.0613048
k2=0.0378785
p1=-1.88583e-05
p2=0.000364562
k3=-0.0152587

[RIGHT_CAM_2K]
fx=1066.59
fy=1066.58
cx=1145.45
cy=594.194
k1=-0.0592713
k2=0.0344616
p1=-0.000311317
p2=2.38698e-05
k3=-0.0135599

[LEFT_CAM_FHD]
fx=1066.32
fy=1066.47
cx=966.12
cy=536.09
k1=-0.0613048
k2=0.0378785
p1=-1.88583e-05
p2=0.000364562
k3=-0.0152587

[RIGHT_CAM_FHD]
fx=1066.59
fy=1066.58
cx=1001.45
cy=513.194
k1=-0.0592713
k2=0.0344616
p1=-0.000311317
p2=2.38698e-05
k3=-0.0135599

[LEFT_CAM_HD]
fx=533.16
fy=533.235
cx=641.56
cy=356.545
k1=-0.0613048
k2=0.0378785
p1=-1.88583e-05
p2=0.000364562
k3=-0.0152587

[RIGHT_CAM_HD]
fx=533.295
fy=533.29
cx=659.225
cy=345.097
k1=-0.0592713
k2=0.0344616
p1=-0.000311317
p2=2.38698e-05
k3=-0.0135599

[LEFT_CAM_VGA]
fx=266.58
fy=266.6175
cx=336.28
cy=185.7725
k1=-0.0613048
k2=0.0378785
p1=-1.88583e-05
p2=0.000364562
k3=-0.0152587

[RIGHT_CAM_VGA]
fx=266.6475
fy=266.645
cx=345.1125
cy=180.0485
k1=-0.0592713
k2=0.0344616
p1=-0.000311317
p2=2.38698e-05
k3=-0.0135599

[LEFT_DISTO]
k1=-1.48456
k2=2.87889
k3=0.0597602
k4=-1.39507
k5=2.72785
k6=0.231017
p1=9.26713e-05
p2=0.000287487

[RIGHT_DISTO]
k1=-1.60977
k2=2.94468
k3=0.0684021
k4=-1.52216
k5=2.79012
k6=0.242027
p1=-0.000416768
p2=0.00016641

[STEREO]
Baseline=120.128
TY=0.0344355
TZ=-0.502559
CV_2K=-0.00553886
CV_FHD=-0.00553886
CV_HD=-0.00553886
CV_VGA=-0.00553886
RX_2K=-0.00132243
RX_FHD=-0.00132243
RX_HD=-0.00132243
RX_VGA=-0.00132243
RZ_2K=-0.000332779
RZ_FHD=-0.000332779
RZ_HD=-0.000332779
RZ_VGA=-0.000332779

[MISC]
Sensor_ID=0
