[LEFT_CAM_2K]
fx=1068.7
fy=1068.96
cx=1126.3
cy=633.365
k1=-0.0556003
k2=0.0275598
p1=4.10455e-05
p2=-0.000100612
k3=-0.0108725

[RIGHT_CAM_2K]
fx=1068.06
fy=1068.18
cx=1111.07
cy=635.448
k1=-0.0562314
k2=0.0290526
p1=8.44259e-05
p2=-0.000235095
k3=-0.0114773

[LEFT_CAM_FHD]
fx=1068.7
fy=1068.96
cx=982.3
cy=552.365
k1=-0.0556003
k2=0.0275598
p1=4.10455e-05
p2=-0.000100612
k3=-0.0108725

[RIGHT_CAM_FHD]
fx=1068.06
fy=1068.18
cx=967.07
cy=554.448
k1=-0.0562314
k2=0.0290526
p1=8.44259e-05
p2=-0.000235095
k3=-0.0114773

[LEFT_CAM_HD]
fx=534.35
fy=534.48
cx=649.65
cy=364.6825
k1=-0.0556003
k2=0.0275598
p1=4.10455e-05
p2=-0.000100612
k3=-0.0108725

[RIGHT_CAM_HD]
fx=534.03
fy=534.09
cx=642.035
cy=365.724
k1=-0.0562314
k2=0.0290526
p1=8.44259e-05
p2=-0.000235095
k3=-0.0114773

[LEFT_CAM_VGA]
fx=267.175
fy=267.24
cx=340.325
cy=189.84125
k1=-0.0556003
k2=0.0275598
p1=4.10455e-05
p2=-0.000100612
k3=-0.0108725

[RIGHT_CAM_VGA]
fx=267.015
fy=267.045
cx=336.5175
cy=190.362
k1=-0.0562314
k2=0.0290526
p1=8.44259e-05
p2=-0.000235095
k3=-0.0114773

[LEFT_DISTO]
k1=-1.02985
k2=2.06846
k3=0.154362
k4=-0.934606
k5=1.92235
k6=0.306575
p1=9.94385e-05
p2=0.000269648

[RIGHT_DISTO]
k1=-1.05607
k2=2.27994
k3=0.112569
k4=-0.96128
k5=2.13627
k6=0.268393
p1=0.000125018
p2=-0.000203076

[STEREO]
Baseline=119.932
TY=0.119519
TZ=0.15375
CV_2K=0.000706782
CV_FHD=0.000706782
CV_HD=0.000706782
CV_VGA=0.000706782
RX_2K=-0.000911033
RX_FHD=-0.000911033
RX_HD=-0.000911033
RX_VGA=-0.000911033
RZ_2K=0.000179438
RZ_FHD=0.000179438
RZ_HD=0.000179438
RZ_VGA=0.000179438

[MISC]
Sensor_ID=0
