[LEFT_CAM_2K]
fx=1067.63
fy=1067.62
cx=1122.95
cy=625.31
k1=-0.0579163
k2=0.0329405
p1=9.90009e-05
p2=8.98545e-05
k3=-0.0130582

[RIGHT_CAM_2K]
fx=1067.43
fy=1067.42
cx=1108.75
cy=638.894
k1=-0.0587114
k2=0.0312139
p1=0.000280777
p2=-5.19435e-05
k3=-0.0118137

[LEFT_CAM_FHD]
fx=1067.63
fy=1067.62
cx=978.95
cy=544.31
k1=-0.0579163
k2=0.0329405
p1=9.90009e-05
p2=8.98545e-05
k3=-0.0130582

[RIGHT_CAM_FHD]
fx=1067.43
fy=1067.42
cx=964.75
cy=557.894
k1=-0.0587114
k2=0.0312139
p1=0.000280777
p2=-5.19435e-05
k3=-0.0118137

[LEFT_CAM_HD]
fx=533.815
fy=533.81
cx=647.975
cy=360.655
k1=-0.0579163
k2=0.0329405
p1=9.90009e-05
p2=8.98545e-05
k3=-0.0130582

[RIGHT_CAM_HD]
fx=533.715
fy=533.71
cx=640.875
cy=367.447
k1=-0.0587114
k2=0.0312139
p1=0.000280777
p2=-5.19435e-05
k3=-0.0118137

[LEFT_CAM_VGA]
fx=266.9075
fy=266.905
cx=339.4875
cy=187.8275
k1=-0.0579163
k2=0.0329405
p1=9.90009e-05
p2=8.98545e-05
k3=-0.0130582

[RIGHT_CAM_VGA]
fx=266.8575
fy=266.855
cx=335.9375
cy=191.2235
k1=-0.0587114
k2=0.0312139
p1=0.000280777
p2=-5.19435e-05
k3=-0.0118137

[LEFT_DISTO]
k1=-1.21589
k2=2.20114
k3=0.149777
k4=-1.12274
k5=2.05125
k6=0.30348
p1=0.000150657
p2=0.000289092

[RIGHT_DISTO]
k1=-0.963812
k2=2.37391
k3=0.137446
k4=-0.863142
k5=2.22531
k6=0.303908
p1=0.000333264
p2=-0.000213516

[STEREO]
Baseline=119.75
TY=-0.176708
TZ=0.218042
CV_2K=0.00495434
CV_FHD=0.00495434
CV_HD=0.00495434
CV_VGA=0.00495434
RX_2K=0.00302935
RX_FHD=0.00302935
RX_HD=0.00302935
RX_VGA=0.00302935
RZ_2K=5.01408e-05
RZ_FHD=5.01408e-05
RZ_HD=5.01408e-05
RZ_VGA=5.01408e-05

[MISC]
Sensor_ID=0
