[LEFT_CAM_2K]
fx=1066.4
fy=1066.66
cx=1113.58
cy=634.371
k1=-0.0570686
k2=0.030938
p1=0.000494233
p2=-0.00010402
k3=-0.0120608

[RIGHT_CAM_2K]
fx=1064.84
fy=1064.67
cx=1090.59
cy=650.901
k1=-0.0570461
k2=0.0320629
p1=0.000502391
p2=0.000271705
k3=-0.0127205

[LEFT_CAM_FHD]
fx=1066.4
fy=1066.66
cx=969.58
cy=553.371
k1=-0.0570686
k2=0.030938
p1=0.000494233
p2=-0.00010402
k3=-0.0120608

[RIGHT_CAM_FHD]
fx=1064.84
fy=1064.67
cx=946.59
cy=569.901
k1=-0.0570461
k2=0.0320629
p1=0.000502391
p2=0.000271705
k3=-0.0127205

[LEFT_CAM_HD]
fx=533.2
fy=533.33
cx=643.29
cy=365.1855
k1=-0.0570686
k2=0.030938
p1=0.000494233
p2=-0.00010402
k3=-0.0120608

[RIGHT_CAM_HD]
fx=532.42
fy=532.335
cx=631.795
cy=373.4505
k1=-0.0570461
k2=0.0320629
p1=0.000502391
p2=0.000271705
k3=-0.0127205

[LEFT_CAM_VGA]
fx=266.6
fy=266.665
cx=337.145
cy=190.09275
k1=-0.0570686
k2=0.030938
p1=0.000494233
p2=-0.00010402
k3=-0.0120608

[RIGHT_CAM_VGA]
fx=266.21
fy=266.1675
cx=331.3975
cy=194.22525
k1=-0.0570461
k2=0.0320629
p1=0.000502391
p2=0.000271705
k3=-0.0127205

[LEFT_DISTO]
k1=-1.05591
k2=2.16207
k3=0.121231
k4=-0.960261
k5=2.01848
k6=0.271812
p1=0.000474477
p2=2.11373e-05

[RIGHT_DISTO]
k1=-0.83455
k2=1.86177
k3=0.198031
k4=-0.734918
k5=1.71537
k6=0.346623
p1=0.00044866
p2=-3.4238e-05

[STEREO]
Baseline=120.115
TY=0.0673503
TZ=-0.133308
CV_2K=-0.00212593
CV_FHD=-0.00212593
CV_HD=-0.00212593
CV_VGA=-0.00212593
RX_2K=-0.00142695
RX_FHD=-0.00142695
RX_HD=-0.00142695
RX_VGA=-0.00142695
RZ_2K=0.000106655
RZ_FHD=0.000106655
RZ_HD=0.000106655
RZ_VGA=0.000106655

[MISC]
Sensor_ID=0
