[LEFT_CAM_2K]
fx=1067.1
fy=1067.53
cx=1133.53
cy=637.118
k1=-0.0584511
k2=0.0315546
p1=0.000254745
p2=-7.46649e-06
k3=-0.0123518

[RIGHT_CAM_2K]
fx=1067.54
fy=1067.77
cx=1129.93
cy=608.538
k1=-0.0553235
k2=0.0256172
p1=0.000507615
p2=0.000356207
k3=-0.0096534

[LEFT_CAM_FHD]
fx=1067.1
fy=1067.53
cx=989.53
cy=556.118
k1=-0.0584511
k2=0.0315546
p1=0.000254745
p2=-7.46649e-06
k3=-0.0123518

[RIGHT_CAM_FHD]
fx=1067.54
fy=1067.77
cx=985.93
cy=527.538
k1=-0.0553235
k2=0.0256172
p1=0.000507615
p2=0.000356207
k3=-0.0096534

[LEFT_CAM_HD]
fx=533.55
fy=533.765
cx=653.265
cy=366.559
k1=-0.0584511
k2=0.0315546
p1=0.000254745
p2=-7.46649e-06
k3=-0.0123518

[RIGHT_CAM_HD]
fx=533.77
fy=533.885
cx=651.465
cy=352.269
k1=-0.0553235
k2=0.0256172
p1=0.000507615
p2=0.000356207
k3=-0.0096534

[LEFT_CAM_VGA]
fx=266.775
fy=266.8825
cx=342.1325
cy=190.7795
k1=-0.0584511
k2=0.0315546
p1=0.000254745
p2=-7.46649e-06
k3=-0.0123518

[RIGHT_CAM_VGA]
fx=266.885
fy=266.9425
cx=341.2325
cy=183.6345
k1=-0.0553235
k2=0.0256172
p1=0.000507615
p2=0.000356207
k3=-0.0096534

[LEFT_DISTO]
k1=-1.08754
k2=2.44829
k3=0.112594
k4=-0.989558
k5=2.30045
k6=0.278902
p1=0.000288257
p2=0.000219797

[RIGHT_DISTO]
k1=-1.02936
k2=2.31464
k3=0.127181
k4=-0.931179
k5=2.16676
k6=0.289759
p1=0.000541522
p2=0.000177965

[STEREO]
Baseline=119.978
TY=-0.170522
TZ=-0.242552
CV_2K=-0.00177172
CV_FHD=-0.00177172
CV_HD=-0.00177172
CV_VGA=-0.00177172
RX_2K=0.00237498
RX_FHD=0.00237498
RX_HD=0.00237498
RX_VGA=0.00237498
RZ_2K=-0.000437309
RZ_FHD=-0.000437309
RZ_HD=-0.000437309
RZ_VGA=-0.000437309

[MISC]
Sensor_ID=0
