[LEFT_CAM_2K]
fx=1067.56
fy=1067.21
cx=1129.47
cy=616.537
k1=-0.0697062
k2=0.050083
p1=0.00038064
p2=0.000659133
k3=-0.0206553

[RIGHT_CAM_2K]
fx=1065.51
fy=1065.17
cx=1127.82
cy=613.825
k1=-0.06289
k2=0.0365227
p1=0.000251125
p2=0.000292592
k3=-0.014016

[LEFT_CAM_FHD]
fx=1067.56
fy=1067.21
cx=985.47
cy=535.537
k1=-0.0697062
k2=0.050083
p1=0.00038064
p2=0.000659133
k3=-0.0206553

[RIGHT_CAM_FHD]
fx=1065.51
fy=1065.17
cx=983.82
cy=532.825
k1=-0.06289
k2=0.0365227
p1=0.000251125
p2=0.000292592
k3=-0.014016

[LEFT_CAM_HD]
fx=533.78
fy=533.605
cx=651.235
cy=356.2685
k1=-0.0697062
k2=0.050083
p1=0.00038064
p2=0.000659133
k3=-0.0206553

[RIGHT_CAM_HD]
fx=532.755
fy=532.585
cx=650.41
cy=354.9125
k1=-0.06289
k2=0.0365227
p1=0.000251125
p2=0.000292592
k3=-0.014016

[LEFT_CAM_VGA]
fx=266.89
fy=266.8025
cx=341.1175
cy=185.63425
k1=-0.0697062
k2=0.050083
p1=0.00038064
p2=0.000659133
k3=-0.0206553

[RIGHT_CAM_VGA]
fx=266.3775
fy=266.2925
cx=340.705
cy=184.95625
k1=-0.06289
k2=0.0365227
p1=0.000251125
p2=0.000292592
k3=-0.014016

[LEFT_DISTO]
k1=-1.53807
k2=2.98877
k3=0.0609526
k4=-1.44722
k5=2.8329
k6=0.240866
p1=0.000233616
p2=0.000242484

[RIGHT_DISTO]
k1=-1.58334
k2=3.35649
k3=-0.0113065
k4=-1.49329
k5=3.20649
k6=0.176227
p1=0.000266381
p2=0.000388396

[STEREO]
Baseline=120.135
TY=-0.110722
TZ=0.0293239
CV_2K=-0.000349773
CV_FHD=-0.000349773
CV_HD=-0.000349773
CV_VGA=-0.000349773
RX_2K=0.00301192
RX_FHD=0.00301192
RX_HD=0.00301192
RX_VGA=0.00301192
RZ_2K=0.000633498
RZ_FHD=0.000633498
RZ_HD=0.000633498
RZ_VGA=0.000633498

[MISC]
Sensor_ID=0
