[LEFT_CAM_2K]
fx=1063.68
fy=1063.31
cx=1104.23
cy=624.338
k1=-0.05255
k2=0.024835
p1=0.000249153
p2=-0.000587646
k3=-0.00976869

[RIGHT_CAM_2K]
fx=1065.23
fy=1065.24
cx=1093
cy=639.987
k1=-0.0521945
k2=0.0261269
p1=0.000243119
p2=-1.49814e-05
k3=-0.0108276

[LEFT_CAM_FHD]
fx=1063.68
fy=1063.31
cx=960.23
cy=543.338
k1=-0.05255
k2=0.024835
p1=0.000249153
p2=-0.000587646
k3=-0.00976869

[RIGHT_CAM_FHD]
fx=1065.23
fy=1065.24
cx=949
cy=558.987
k1=-0.0521945
k2=0.0261269
p1=0.000243119
p2=-1.49814e-05
k3=-0.0108276

[LEFT_CAM_HD]
fx=531.84
fy=531.655
cx=638.615
cy=360.169
k1=-0.05255
k2=0.024835
p1=0.000249153
p2=-0.000587646
k3=-0.00976869

[RIGHT_CAM_HD]
fx=532.615
fy=532.62
cx=633
cy=367.9935
k1=-0.0521945
k2=0.0261269
p1=0.000243119
p2=-1.49814e-05
k3=-0.0108276

[LEFT_CAM_VGA]
fx=265.92
fy=265.8275
cx=334.8075
cy=187.5845
k1=-0.05255
k2=0.024835
p1=0.000249153
p2=-0.000587646
k3=-0.00976869

[RIGHT_CAM_VGA]
fx=266.3075
fy=266.31
cx=332
cy=191.49675
k1=-0.0521945
k2=0.0261269
p1=0.000243119
p2=-1.49814e-05
k3=-0.0108276

[LEFT_DISTO]
k1=-1.01647
k2=2.58917
k3=0.109485
k4=-0.917954
k5=2.44025
k6=0.281006
p1=0.000332571
p2=-0.000181164

[RIGHT_DISTO]
k1=-1.18107
k2=2.49826
k3=0.0943811
k4=-1.08962
k5=2.35363
k6=0.255185
p1=0.000303577
p2=2.22675e-05

[STEREO]
Baseline=120
TY=-0.123627
TZ=-0.0654601
CV_2K=-0.000924793
CV_FHD=-0.000924793
CV_HD=-0.000924793
CV_VGA=-0.000924793
RX_2K=0.00176198
RX_FHD=0.00176198
RX_HD=0.00176198
RX_VGA=0.00176198
RZ_2K=0.000167016
RZ_FHD=0.000167016
RZ_HD=0.000167016
RZ_VGA=0.000167016

[MISC]
Sensor_ID=0
