[LEFT_CAM_2K]
fx=1066.12
fy=1065.74
cx=1102.7
cy=621.828
k1=-0.054596
k2=0.0270687
p1=0.000239532
p2=-0.000322508
k3=-0.0105426

[RIGHT_CAM_2K]
fx=1065.34
fy=1065.34
cx=1096.15
cy=641.483
k1=-0.0558697
k2=0.0292449
p1=0.000332576
p2=4.87218e-05
k3=-0.0114326

[LEFT_CAM_FHD]
fx=1066.12
fy=1065.74
cx=958.7
cy=540.828
k1=-0.054596
k2=0.0270687
p1=0.000239532
p2=-0.000322508
k3=-0.0105426

[RIGHT_CAM_FHD]
fx=1065.34
fy=1065.34
cx=952.15
cy=560.483
k1=-0.0558697
k2=0.0292449
p1=0.000332576
p2=4.87218e-05
k3=-0.0114326

[LEFT_CAM_HD]
fx=533.06
fy=532.87
cx=637.85
cy=358.914
k1=-0.054596
k2=0.0270687
p1=0.000239532
p2=-0.000322508
k3=-0.0105426

[RIGHT_CAM_HD]
fx=532.67
fy=532.67
cx=634.575
cy=368.7415
k1=-0.0558697
k2=0.0292449
p1=0.000332576
p2=4.87218e-05
k3=-0.0114326

[LEFT_CAM_VGA]
fx=266.53
fy=266.435
cx=334.425
cy=186.957
k1=-0.054596
k2=0.0270687
p1=0.000239532
p2=-0.000322508
k3=-0.0105426

[RIGHT_CAM_VGA]
fx=266.335
fy=266.335
cx=332.7875
cy=191.87075
k1=-0.0558697
k2=0.0292449
p1=0.000332576
p2=4.87218e-05
k3=-0.0114326

[LEFT_DISTO]
k1=-1.14254
k2=2.67021
k3=0.0838953
k4=-1.04619
k5=2.52081
k6=0.255275
p1=0.000316289
p2=-7.2123e-05

[RIGHT_DISTO]
k1=-1.22446
k2=2.44618
k3=0.104981
k4=-1.132
k5=2.29976
k6=0.26461
p1=0.00037546
p2=-9.30468e-05

[STEREO]
Baseline=120.028
TY=-0.0535704
TZ=0.0161742
CV_2K=-0.00192852
CV_FHD=-0.00192852
CV_HD=-0.00192852
CV_VGA=-0.00192852
RX_2K=0.00245125
RX_FHD=0.00245125
RX_HD=0.00245125
RX_VGA=0.00245125
RZ_2K=0.0013095
RZ_FHD=0.0013095
RZ_HD=0.0013095
RZ_VGA=0.0013095

[MISC]
Sensor_ID=0
