[LEFT_CAM_2K]
fx=1068.54
fy=1068.68
cx=1124.81
cy=628.693
k1=-0.0574765
k2=0.0328853
p1=0.00033813
p2=-0.000411886
k3=-0.0131848

[RIGHT_CAM_2K]
fx=1071.17
fy=1071.3
cx=1109.81
cy=635.843
k1=-0.058247
k2=0.0310283
p1=0.000220218
p2=-0.000181867
k3=-0.0118123

[LEFT_CAM_FHD]
fx=1068.54
fy=1068.68
cx=980.81
cy=547.693
k1=-0.0574765
k2=0.0328853
p1=0.00033813
p2=-0.000411886
k3=-0.0131848

[RIGHT_CAM_FHD]
fx=1071.17
fy=1071.3
cx=965.81
cy=554.843
k1=-0.058247
k2=0.0310283
p1=0.000220218
p2=-0.000181867
k3=-0.0118123

[LEFT_CAM_HD]
fx=534.27
fy=534.34
cx=648.905
cy=362.3465
k1=-0.0574765
k2=0.0328853
p1=0.00033813
p2=-0.000411886
k3=-0.0131848

[RIGHT_CAM_HD]
fx=535.585
fy=535.65
cx=641.405
cy=365.9215
k1=-0.058247
k2=0.0310283
p1=0.000220218
p2=-0.000181867
k3=-0.0118123

[LEFT_CAM_VGA]
fx=267.135
fy=267.17
cx=339.9525
cy=188.67325
k1=-0.0574765
k2=0.0328853
p1=0.00033813
p2=-0.000411886
k3=-0.0131848

[RIGHT_CAM_VGA]
fx=267.7925
fy=267.825
cx=336.2025
cy=190.46075
k1=-0.058247
k2=0.0310283
p1=0.000220218
p2=-0.000181867
k3=-0.0118123

[LEFT_DISTO]
k1=-1.20539
k2=2.3821
k3=0.116899
k4=-1.11107
k5=2.23304
k6=0.276046
p1=0.00039569
p2=-7.29513e-05

[RIGHT_DISTO]
k1=-0.954269
k2=2.52457
k3=0.116087
k4=-0.852678
k5=2.37644
k6=0.287637
p1=0.000277347
p2=-0.00023545

[STEREO]
Baseline=119.849
TY=-0.137364
TZ=0.0113313
CV_2K=0.000137692
CV_FHD=0.000137692
CV_HD=0.000137692
CV_VGA=0.000137692
RX_2K=0.002346
RX_FHD=0.002346
RX_HD=0.002346
RX_VGA=0.002346
RZ_2K=0.000594333
RZ_FHD=0.000594333
RZ_HD=0.000594333
RZ_VGA=0.000594333

[MISC]
Sensor_ID=0
