[LEFT_CAM_2K]
fx=1066.76
fy=1067.09
cx=1122.09
cy=613.071
k1=-0.0680526
k2=0.0487655
p1=0.000231001
p2=0.000651972
k3=-0.0202495

[RIGHT_CAM_2K]
fx=1068.31
fy=1068.32
cx=1148.45
cy=617.974
k1=-0.057561
k2=0.0304051
p1=0.000478434
p2=0.000485986
k3=-0.0115107

[LEFT_CAM_FHD]
fx=1066.76
fy=1067.09
cx=978.09
cy=532.071
k1=-0.0680526
k2=0.0487655
p1=0.000231001
p2=0.000651972
k3=-0.0202495

[RIGHT_CAM_FHD]
fx=1068.31
fy=1068.32
cx=1004.45
cy=536.974
k1=-0.057561
k2=0.0304051
p1=0.000478434
p2=0.000485986
k3=-0.0115107

[LEFT_CAM_HD]
fx=533.38
fy=533.545
cx=647.545
cy=354.5355
k1=-0.0680526
k2=0.0487655
p1=0.000231001
p2=0.000651972
k3=-0.0202495

[RIGHT_CAM_HD]
fx=534.155
fy=534.16
cx=660.725
cy=356.987
k1=-0.057561
k2=0.0304051
p1=0.000478434
p2=0.000485986
k3=-0.0115107

[LEFT_CAM_VGA]
fx=266.69
fy=266.7725
cx=339.2725
cy=184.76775
k1=-0.0680526
k2=0.0487655
p1=0.000231001
p2=0.000651972
k3=-0.0202495

[RIGHT_CAM_VGA]
fx=267.0775
fy=267.08
cx=345.8625
cy=185.9935
k1=-0.057561
k2=0.0304051
p1=0.000478434
p2=0.000485986
k3=-0.0115107

[LEFT_DISTO]
k1=-1.36083
k2=2.4085
k3=0.174543
k4=-1.26561
k5=2.24519
k6=0.34455
p1=7.4153e-05
p2=0.000188269

[RIGHT_DISTO]
k1=-1.55923
k2=2.99956
k3=0.0528363
k4=-1.46944
k5=2.84548
k6=0.229751
p1=0.000212195
p2=0.000354437

[STEREO]
Baseline=120.09
TY=0.0416052
TZ=0.126138
CV_2K=0.00027408
CV_FHD=0.00027408
CV_HD=0.00027408
CV_VGA=0.00027408
RX_2K=-0.000729828
RX_FHD=-0.000729828
RX_HD=-0.000729828
RX_VGA=-0.000729828
RZ_2K=-0.00021308
RZ_FHD=-0.00021308
RZ_HD=-0.00021308
RZ_VGA=-0.00021308

[MISC]
Sensor_ID=0
