[LEFT_CAM_2K]
fx=1070.38
fy=1070.5
cx=1103.99
cy=609.326
k1=-0.0507985
k2=0.0241676
p1=0.000135267
p2=-0.000142781
k3=-0.00999906

[RIGHT_CAM_2K]
fx=1070.02
fy=1070.1
cx=1115.61
cy=611.613
k1=-0.0497066
k2=0.0204144
p1=0.000224556
p2=0.000214051
k3=-0.00816291

[LEFT_CAM_FHD]
fx=1070.38
fy=1070.5
cx=959.99
cy=528.326
k1=-0.0507985
k2=0.0241676
p1=0.000135267
p2=-0.000142781
k3=-0.00999906

[RIGHT_CAM_FHD]
fx=1070.02
fy=1070.1
cx=971.61
cy=530.613
k1=-0.0497066
k2=0.0204144
p1=0.000224556
p2=0.000214051
k3=-0.00816291

[LEFT_CAM_HD]
fx=535.19
fy=535.25
cx=638.495
cy=352.663
k1=-0.0507985
k2=0.0241676
p1=0.000135267
p2=-0.000142781
k3=-0.00999906

[RIGHT_CAM_HD]
fx=535.01
fy=535.05
cx=644.305
cy=353.8065
k1=-0.0497066
k2=0.0204144
p1=0.000224556
p2=0.000214051
k3=-0.00816291

[LEFT_CAM_VGA]
fx=267.595
fy=267.625
cx=334.7475
cy=183.8315
k1=-0.0507985
k2=0.0241676
p1=0.000135267
p2=-0.000142781
k3=-0.00999906

[RIGHT_CAM_VGA]
fx=267.505
fy=267.525
cx=337.6525
cy=184.40325
k1=-0.0497066
k2=0.0204144
p1=0.000224556
p2=0.000214051
k3=-0.00816291

[LEFT_DISTO]
k1=-1.03729
k2=2.20027
k3=0.134099
k4=-0.941196
k5=2.05238
k6=0.289813
p1=0.000144013
p2=1.51822e-05

[RIGHT_DISTO]
k1=-1.33411
k2=2.78584
k3=0.0996537
k4=-1.2418
k5=2.63541
k6=0.275449
p1=0.000240496
p2=2.79571e-05

[STEREO]
Baseline=120.008
TY=0.135752
TZ=-0.277748
CV_2K=-0.000679394
CV_FHD=-0.000679394
CV_HD=-0.000679394
CV_VGA=-0.000679394
RX_2K=-0.000622236
RX_FHD=-0.000622236
RX_HD=-0.000622236
RX_VGA=-0.000622236
RZ_2K=-0.0008113
RZ_FHD=-0.0008113
RZ_HD=-0.0008113
RZ_VGA=-0.0008113

[MISC]
Sensor_ID=0
