[LEFT_CAM_2K]
fx=1066.89
fy=1066.39
cx=1118.35
cy=630.811
k1=-0.0555266
k2=0.029345
p1=0.000102108
p2=0.00016376
k3=-0.0117362

[RIGHT_CAM_2K]
fx=1065.3
fy=1065.41
cx=1128.96
cy=619.959
k1=-0.0570124
k2=0.0308695
p1=0.00018164
p2=-0.000339089
k3=-0.0122435

[LEFT_CAM_FHD]
fx=1066.89
fy=1066.39
cx=974.35
cy=549.811
k1=-0.0555266
k2=0.029345
p1=0.000102108
p2=0.00016376
k3=-0.0117362

[RIGHT_CAM_FHD]
fx=1065.3
fy=1065.41
cx=984.96
cy=538.959
k1=-0.0570124
k2=0.0308695
p1=0.00018164
p2=-0.000339089
k3=-0.0122435

[LEFT_CAM_HD]
fx=533.445
fy=533.195
cx=645.675
cy=363.4055
k1=-0.0555266
k2=0.029345
p1=0.000102108
p2=0.00016376
k3=-0.0117362

[RIGHT_CAM_HD]
fx=532.65
fy=532.705
cx=650.98
cy=357.9795
k1=-0.0570124
k2=0.0308695
p1=0.00018164
p2=-0.000339089
k3=-0.0122435

[LEFT_CAM_VGA]
fx=266.7225
fy=266.5975
cx=338.3375
cy=189.20275
k1=-0.0555266
k2=0.029345
p1=0.000102108
p2=0.00016376
k3=-0.0117362

[RIGHT_CAM_VGA]
fx=266.325
fy=266.3525
cx=340.99
cy=186.48975
k1=-0.0570124
k2=0.0308695
p1=0.00018164
p2=-0.000339089
k3=-0.0122435

[LEFT_DISTO]
k1=-1.65558
k2=3.21006
k3=0.012416
k4=-1.57041
k5=3.06099
k6=0.18912
p1=6.62063e-05
p2=6.14054e-05

[RIGHT_DISTO]
k1=-1.55921
k2=2.85544
k3=0.113767
k4=-1.47065
k5=2.69855
k6=0.28932
p1=0.000217312
p2=6.68105e-05

[STEREO]
Baseline=120.101
TY=-0.0167144
TZ=0.0140322
CV_2K=-0.00133717
CV_FHD=-0.00133717
CV_HD=-0.00133717
CV_VGA=-0.00133717
RX_2K=-0.000497834
RX_FHD=-0.000497834
RX_HD=-0.000497834
RX_VGA=-0.000497834
RZ_2K=-0.000345729
RZ_FHD=-0.000345729
RZ_HD=-0.000345729
RZ_VGA=-0.000345729

[MISC]
Sensor_ID=0
