[LEFT_CAM_2K]
fx=1068.19
fy=1068.12
cx=1113.77
cy=616.362
k1=-0.0592071
k2=0.034756
p1=0.000245895
p2=4.37106e-05
k3=-0.0139175

[RIGHT_CAM_2K]
fx=1072.13
fy=1071.85
cx=1118.66
cy=620.825
k1=-0.0563131
k2=0.0291161
p1=0.000118616
p2=-0.000203877
k3=-0.0112216

[LEFT_CAM_FHD]
fx=1068.19
fy=1068.12
cx=969.77
cy=535.362
k1=-0.0592071
k2=0.034756
p1=0.000245895
p2=4.37106e-05
k3=-0.0139175

[RIGHT_CAM_FHD]
fx=1072.13
fy=1071.85
cx=974.66
cy=539.825
k1=-0.0563131
k2=0.0291161
p1=0.000118616
p2=-0.000203877
k3=-0.0112216

[LEFT_CAM_HD]
fx=534.095
fy=534.06
cx=643.385
cy=356.181
k1=-0.0592071
k2=0.034756
p1=0.000245895
p2=4.37106e-05
k3=-0.0139175

[RIGHT_CAM_HD]
fx=536.065
fy=535.925
cx=645.83
cy=358.4125
k1=-0.0563131
k2=0.0291161
p1=0.000118616
p2=-0.000203877
k3=-0.0112216

[LEFT_CAM_VGA]
fx=267.0475
fy=267.03
cx=337.1925
cy=185.5905
k1=-0.0592071
k2=0.034756
p1=0.000245895
p2=4.37106e-05
k3=-0.0139175

[RIGHT_CAM_VGA]
fx=268.0325
fy=267.9625
cx=338.415
cy=186.70625
k1=-0.0563131
k2=0.0291161
p1=0.000118616
p2=-0.000203877
k3=-0.0112216

[LEFT_DISTO]
k1=-1.625
k2=3.19799
k3=0.0134998
k4=-1.53803
k5=3.04772
k6=0.191307
p1=0.000179431
p2=-0.000151373

[RIGHT_DISTO]
k1=-1.07707
k2=2.32988
k3=0.178138
k4=-0.981079
k5=2.18088
k6=0.340382
p1=1.80744e-05
p2=0.000208512

[STEREO]
Baseline=120.035
TY=-0.218834
TZ=0.322263
CV_2K=0.00149422
CV_FHD=0.00149422
CV_HD=0.00149422
CV_VGA=0.00149422
RX_2K=0.00213585
RX_FHD=0.00213585
RX_HD=0.00213585
RX_VGA=0.00213585
RZ_2K=0.00280768
RZ_FHD=0.00280768
RZ_HD=0.00280768
RZ_VGA=0.00280768

[MISC]
Sensor_ID=0
