[LEFT_CAM_2K]
fx=1067.08
fy=1067.43
cx=1086.6
cy=615.049
k1=-0.0656636
k2=0.046586
p1=-0.000455176
p2=0.000401837
k3=-0.019247

[RIGHT_CAM_2K]
fx=1069.63
fy=1069.69
cx=1083.07
cy=596.594
k1=-0.0666897
k2=0.0491828
p1=-0.000181895
p2=-0.000104451
k3=-0.020647

[LEFT_CAM_FHD]
fx=1067.08
fy=1067.43
cx=942.6
cy=534.049
k1=-0.0656636
k2=0.046586
p1=-0.000455176
p2=0.000401837
k3=-0.019247

[RIGHT_CAM_FHD]
fx=1069.63
fy=1069.69
cx=939.07
cy=515.594
k1=-0.0666897
k2=0.0491828
p1=-0.000181895
p2=-0.000104451
k3=-0.020647

[LEFT_CAM_HD]
fx=533.54
fy=533.715
cx=629.8
cy=355.5245
k1=-0.0656636
k2=0.046586
p1=-0.000455176
p2=0.000401837
k3=-0.019247

[RIGHT_CAM_HD]
fx=534.815
fy=534.845
cx=628.035
cy=346.297
k1=-0.0666897
k2=0.0491828
p1=-0.000181895
p2=-0.000104451
k3=-0.020647

[LEFT_CAM_VGA]
fx=266.77
fy=266.8575
cx=330.4
cy=185.26225
k1=-0.0656636
k2=0.046586
p1=-0.000455176
p2=0.000401837
k3=-0.019247

[RIGHT_CAM_VGA]
fx=267.4075
fy=267.4225
cx=329.5175
cy=180.6485
k1=-0.0666897
k2=0.0491828
p1=-0.000181895
p2=-0.000104451
k3=-0.020647

[LEFT_DISTO]
k1=-1.48896
k2=3.13095
k3=0.0184794
k4=-1.398
k5=2.97912
k6=0.197427
p1=-0.000419405
p2=0.000285845

[RIGHT_DISTO]
k1=-1.58937
k2=2.76219
k3=0.12918
k4=-1.50044
k5=2.60056
k6=0.303076
p1=-0.000124253
p2=2.7134e-05

[STEREO]
Baseline=120.019
TY=-0.0732102
TZ=0.2394
CV_2K=0.00208872
CV_FHD=0.00208872
CV_HD=0.00208872
CV_VGA=0.00208872
RX_2K=-3.78307e-05
RX_FHD=-3.78307e-05
RX_HD=-3.78307e-05
RX_VGA=-3.78307e-05
RZ_2K=0.000549975
RZ_FHD=0.000549975
RZ_HD=0.000549975
RZ_VGA=0.000549975

[MISC]
Sensor_ID=0
