{
  "fr3-295341-1326691": {
    "mean_mat": [
      [
        0.0066529393010676405,
        -0.9999297257950434,
        0.009812332551715488,
        0.03278971531705804
      ],
      [
        0.9486893274900997,
        0.0032092033260922763,
        -0.31619339164567306,
        0.07714629644920944
      ],
      [
        0.31613968163620093,
        0.01141247061161357,
        0.948644009736793,
        0.008139772401153761
      ],
      [
        0.0,
        0.0,
        0.0,
        1.0
      ]
    ],
    "mean_quat": [
      0.03278971531705804,
      0.07714629644920944,
      0.008139772401153761,
      0.11704670674369937,
      -0.10944434006406159,
      0.6962007374151569,
      0.6997331906455404
    ],
    "translation_std": [
      0.0005845114042219738,
      0.0016002031609589097,
      0.00213753509055207
    ],
    "angular_deviation_mean_rad": 0.004233686018068148,
    "angular_deviation_std_rad": 0.0019557699942697356,
    "angular_deviation_mean_deg": 0.24257234061885208,
    "angular_deviation_std_deg": 0.11205736636998105,
    "num_samples_before_filtering": 2482,
    "num_samples_after_filtering": 2081,
    "wrist_cam_serial": "14436910"
  },
  "295341-1325237": {
    "mean_mat": [
      [
        -0.002204977659012286,
        -0.9996424832564592,
        0.026646645987506958,
        0.026027943972295266
      ],
      [
        0.9410718457678362,
        -0.011086237467707169,
        -0.3380249642288686,
        0.07369183308480845
      ],
      [
        0.3381995256895573,
        0.024331070828672325,
        0.9407598417320377,
        0.009116463371649172
      ],
      [
        0.0,
        0.0,
        0.0,
        1.0
      ]
    ],
    "mean_quat": [
      0.026027943972295266,
      0.07369183308480845,
      0.009116463371649172,
      0.13050040045595404,
      -0.1122039420645138,
      0.6989368814239876,
      0.6941665193967004
    ],
    "translation_std": [
      4.880430462973228e-16,
      2.516533068352841e-16,
      4.555292934833833e-17
    ],
    "angular_deviation_mean_rad": 0.0,
    "angular_deviation_std_rad": 0.0,
    "angular_deviation_mean_deg": 0.0,
    "angular_deviation_std_deg": 0.0,
    "num_samples_before_filtering": 1316,
    "num_samples_after_filtering": 1057,
    "wrist_cam_serial": "16291792"
  },
  "panda-295341-1325237": {
    "mean_mat": [
      [
        -0.002204977659012286,
        -0.999642483256459,
        0.026646645987506604,
        0.026027943972295728
      ],
      [
        0.9410718457678348,
        -0.01108623746770751,
        -0.33802496422887207,
        0.07369183308480877
      ],
      [
        0.3381995256895608,
        0.024331070828671992,
        0.9407598417320365,
        0.009116463371649121
      ],
      [
        0.0,
        0.0,
        0.0,
        1.0
      ]
    ],
    "mean_quat": [
      0.026027943972295728,
      0.07369183308480877,
      0.009116463371649121,
      0.1305004004559552,
      -0.1122039420645152,
      0.6989368814239875,
      0.6941665193967
    ],
    "translation_std": [
      3.1133971395248946e-17,
      7.483135812650992e-17,
      3.773376244537722e-17
    ],
    "angular_deviation_mean_rad": 0.0,
    "angular_deviation_std_rad": 0.0,
    "angular_deviation_mean_deg": 0.0,
    "angular_deviation_std_deg": 0.0,
    "num_samples_before_filtering": 65,
    "num_samples_after_filtering": 53,
    "wrist_cam_serial": "16291792"
  },
  "panda-295341-1326372": {
    "mean_mat": [
      [
        -0.0038784742027621927,
        -0.9997956332547531,
        -0.01984059380627436,
        0.03519939323536489
      ],
      [
        0.94315804813904,
        0.002936241669248917,
        -0.3323315734555117,
        0.07818164039284671
      ],
      [
        0.3323219127117783,
        -0.020001755162656377,
        0.9429539098609214,
        0.011634904268875012
      ],
      [
        0.0,
        0.0,
        0.0,
        1.0
      ]
    ],
    "mean_quat": [
      0.03519939323536489,
      0.07818164039284671,
      0.011634904268875012,
      0.1120617845956722,
      -0.12635347839601652,
      0.6971183799030181,
      0.6967803953412093
    ],
    "translation_std": [
      0.00448841487346376,
      0.006069769473386051,
      0.0051506671591606806
    ],
    "angular_deviation_mean_rad": 0.02563532837694333,
    "angular_deviation_std_rad": 0.0067441208221660585,
    "angular_deviation_mean_deg": 1.4687961224308075,
    "angular_deviation_std_deg": 0.38640965963641394,
    "num_samples_before_filtering": 4431,
    "num_samples_after_filtering": 3643,
    "wrist_cam_serial": "19824535"
  },
  "295341-1325882": {
    "mean_mat": [
      [
        -0.011622683880656735,
        -0.9998612468968533,
        -0.011933154372615185,
        0.017569105109049812
      ],
      [
        0.9428849066037787,
        -0.006985540000741136,
        -0.33304542502439893,
        0.08644986089427806
      ],
      [
        0.33291585441098365,
        -0.015122472839069903,
        0.9428352691202414,
        -0.007949290223721818
      ],
      [
        0.0,
        0.0,
        0.0,
        1.0
      ]
    ],
    "mean_quat": [
      0.017569105109049812,
      0.08644986089427806,
      -0.007949290223721818,
      0.11459448830533239,
      -0.12429991427961147,
      0.7002577191651725,
      0.6935825555113903
    ],
    "translation_std": [
      0.003736874686142368,
      0.005161172122508287,
      0.0071972909934303955
    ],
    "angular_deviation_mean_rad": 0.018538880978353205,
    "angular_deviation_std_rad": 0.006152421509866911,
    "angular_deviation_mean_deg": 1.062199636955001,
    "angular_deviation_std_deg": 0.35250778630087953,
    "num_samples_before_filtering": 3907,
    "num_samples_after_filtering": 2853,
    "wrist_cam_serial": "16787047"
  },
  "panda-295341-1325422": {
    "mean_mat": [
      [
        0.0143846325144934,
        -0.9996120870238686,
        -0.02384864405386836,
        0.026716608141577336
      ],
      [
        0.9463103197134289,
        0.02131312284623934,
        -0.3225562425351721,
        0.058484347331010655
      ],
      [
        0.3229394078635969,
        -0.017928364965223566,
        0.9462498151008448,
        0.007242136770808449
      ],
      [
        0.0,
        0.0,
        0.0,
        1.0
      ]
    ],
    "mean_quat": [
      0.026716608141577336,
      0.058484347331010655,
      0.007242136770808449,
      0.1081916061524757,
      -0.12316520940478752,
      0.6911136049413498,
      0.7039082984419167
    ],
    "translation_std": [
      3.2613390701898104e-16,
      5.989557618195015e-16,
      1.2422170160637047e-16
    ],
    "angular_deviation_mean_rad": 0.0,
    "angular_deviation_std_rad": 0.0,
    "angular_deviation_mean_deg": 0.0,
    "angular_deviation_std_deg": 0.0,
    "num_samples_before_filtering": 1512,
    "num_samples_after_filtering": 1121,
    "wrist_cam_serial": "15102076"
  },
  "295341-1324688": {
    "mean_mat": [
      [
        0.06800649097347322,
        -0.9976263632808342,
        -0.010805390901363298,
        0.03273311918877229
      ],
      [
        0.9400311189075051,
        0.0677011831305683,
        -0.33430232617830413,
        0.0798035898859932
      ],
      [
        0.33424035164979554,
        0.012577324428414706,
        0.9424039464259701,
        0.007572199593923429
      ],
      [
        0.0,
        0.0,
        0.0,
        1.0
      ]
    ],
    "mean_quat": [
      0.03273311918877229,
      0.0798035898859932,
      0.007572199593923429,
      0.12031350861076902,
      -0.11967742657987428,
      0.6720670115996487,
      0.7207828418688274
    ],
    "translation_std": [
      3.90215604088366e-16,
      1.3186206550831225e-16,
      1.1439209883528357e-16
    ],
    "angular_deviation_mean_rad": 0.0,
    "angular_deviation_std_rad": 0.0,
    "angular_deviation_mean_deg": 0.0,
    "angular_deviation_std_deg": 0.0,
    "num_samples_before_filtering": 1151,
    "num_samples_after_filtering": 973,
    "wrist_cam_serial": "17225336"
  },
  "panda-295341-1324688": {
    "mean_mat": [
      [
        0.07547810599373694,
        -0.9967966756095283,
        -0.02644698488280108,
        0.039406975561805155
      ],
      [
        0.9389300797895219,
        0.07997626523529067,
        -0.33468507923935975,
        0.08004336980286131
      ],
      [
        0.335728105439566,
        0.0004295262591499465,
        0.941958839188397,
        0.012608411534192088
      ],
      [
        0.0,
        0.0,
        0.0,
        1.0
      ]
    ],
    "mean_quat": [
      0.039406975561805155,
      0.08004336980286131,
      0.012608411534192088,
      0.11569680372643086,
      -0.1250393138708352,
      0.6683009179926678,
      0.7241224361973299
    ],
    "translation_std": [
      6.949859234264263e-16,
      2.082808571697859e-15,
      2.0751260716212604e-16
    ],
    "angular_deviation_mean_rad": 0.0,
    "angular_deviation_std_rad": 0.0,
    "angular_deviation_mean_deg": 0.0,
    "angular_deviation_std_deg": 0.0,
    "num_samples_before_filtering": 1491,
    "num_samples_after_filtering": 1323,
    "wrist_cam_serial": "17225336"
  },
  "panda-295341-1325132": {
    "mean_mat": [
      [
        -0.01482388486773534,
        -0.9998884617493399,
        -0.0018211254674887502,
        0.03225702697298493
      ],
      [
        0.9425407156389539,
        -0.01336567073302858,
        -0.33382384307994856,
        0.07714239193009924
      ],
      [
        0.33376226838910084,
        -0.006665051117316516,
        0.9426337174604811,
        0.003862696224419595
      ],
      [
        0.0,
        0.0,
        0.0,
        1.0
      ]
    ],
    "mean_quat": [
      0.03225702697298493,
      0.07714239193009924,
      0.003862696224419595,
      0.1182244352966142,
      -0.12126880954539067,
      0.7019300665061378,
      0.6918172016254941
    ],
    "translation_std": [
      3.8297003373051576e-05,
      3.390753388085948e-05,
      0.0004843194301056944
    ],
    "angular_deviation_mean_rad": 0.0001983299352803135,
    "angular_deviation_std_rad": 0.0008582363220313201,
    "angular_deviation_mean_deg": 0.01136346824266473,
    "angular_deviation_std_deg": 0.04917331907722523,
    "num_samples_before_filtering": 3026,
    "num_samples_after_filtering": 2804,
    "wrist_cam_serial": "13263313"
  },
  "295341-1325480": {
    "mean_mat": [
      [
        -0.026113063802883623,
        -0.9996146680594944,
        -0.009413994855194896,
        0.03108321766610312
      ],
      [
        0.9426428475788617,
        -0.021487670242625025,
        -0.3331107052256935,
        0.08296387425827538
      ],
      [
        0.3327800622141314,
        -0.01757257601637538,
        0.9428407260852212,
        0.007153781358133936
      ],
      [
        0.0,
        0.0,
        0.0,
        1.0
      ]
    ],
    "mean_quat": [
      0.03108321766610312,
      0.08296387425827538,
      0.007153781358133936,
      0.11460135290924822,
      -0.12428260887493157,
      0.7054150303421969,
      0.688338578034043
    ],
    "translation_std": [
      0.0037357682404683236,
      0.005013325329739442,
      0.011797155443501746
    ],
    "angular_deviation_mean_rad": 0.011274294910460166,
    "angular_deviation_std_rad": 0.003311032693148339,
    "angular_deviation_mean_deg": 0.6459695153551919,
    "angular_deviation_std_deg": 0.18970819914723439,
    "num_samples_before_filtering": 953,
    "num_samples_after_filtering": 899,
    "wrist_cam_serial": "12391924"
  },
  "panda-295341-1325480": {
    "mean_mat": [
      [
        -0.0185086603799276,
        -0.9997120615312991,
        -0.01527165740123563,
        0.03216105418231167
      ],
      [
        0.9339876433726737,
        -0.01183661904179381,
        -0.35710919405249,
        0.07681262610749912
      ],
      [
        0.35682560378720035,
        -0.020873152097842216,
        0.9339377923627462,
        0.016302782633857635
      ],
      [
        0.0,
        0.0,
        0.0,
        1.0
      ]
    ],
    "mean_quat": [
      0.03216105418231167,
      0.07681262610749912,
      0.016302782633857635,
      0.12185048861116676,
      -0.13484643949265684,
      0.700764416866408,
      0.689853700602712
    ],
    "translation_std": [
      1.0228235887205096e-16,
      4.1849309460887365e-16,
      1.3964261941869644e-16
    ],
    "angular_deviation_mean_rad": 0.0,
    "angular_deviation_std_rad": 0.0,
    "angular_deviation_mean_deg": 0.0,
    "angular_deviation_std_deg": 0.0,
    "num_samples_before_filtering": 590,
    "num_samples_after_filtering": 588,
    "wrist_cam_serial": "12391924"
  },
  "panda-295341-1325686": {
    "mean_mat": [
      [
        -0.026243999752282105,
        -0.9994411792963723,
        -0.02070221253100037,
        0.03331510661869576
      ],
      [
        0.9408628139637807,
        -0.017697812805795278,
        -0.3383252173900843,
        0.0742807170288236
      ],
      [
        0.337769770372008,
        -0.02835694885856952,
        0.9408015017389556,
        0.02195682429737932
      ],
      [
        0.0,
        0.0,
        0.0,
        1.0
      ]
    ],
    "mean_quat": [
      0.03331510661869576,
      0.0742807170288236,
      0.02195682429737932,
      0.11253034181339482,
      -0.13013904603109283,
      0.7044045915340545,
      0.6886326468409841
    ],
    "translation_std": [
      6.172531122978138e-16,
      2.002072677071799e-15,
      4.5448580610419e-16
    ],
    "angular_deviation_mean_rad": 0.0,
    "angular_deviation_std_rad": 0.0,
    "angular_deviation_mean_deg": 0.0,
    "angular_deviation_std_deg": 0.0,
    "num_samples_before_filtering": 2717,
    "num_samples_after_filtering": 1786,
    "wrist_cam_serial": "12391924"
  },
  "295341-1325494": {
    "mean_mat": [
      [
        0.025192181930771565,
        -0.9996825819685576,
        -0.00029879465367389324,
        0.031152925720269505
      ],
      [
        0.9464090664908936,
        0.02394594647914414,
        -0.3220814656434813,
        0.08237069094048785
      ],
      [
        0.3219863860994778,
        0.007831152909764152,
        0.9467119098282758,
        0.010260896143221978
      ],
      [
        0.0,
        0.0,
        0.0,
        1.0
      ]
    ],
    "mean_quat": [
      0.031152925720269505,
      0.08237069094048785,
      0.010260896143221978,
      0.11676292821712621,
      -0.11406341955256384,
      0.6887622560467365,
      0.7063727837052812
    ],
    "translation_std": [
      0.005402741536622244,
      0.0027616936676826496,
      0.00020421396885004868
    ],
    "angular_deviation_mean_rad": 0.02920762744564593,
    "angular_deviation_std_rad": 0.008586775055501174,
    "angular_deviation_mean_deg": 1.673473782225981,
    "angular_deviation_std_deg": 0.4919859703084305,
    "num_samples_before_filtering": 1278,
    "num_samples_after_filtering": 1220,
    "wrist_cam_serial": "17368348"
  },
  "panda-295341-1325494": {
    "mean_mat": [
      [
        0.01581437195186719,
        -0.999873149986477,
        0.00189461760985138,
        0.035349030048291305
      ],
      [
        0.944598401805425,
        0.014318771584528213,
        -0.3279158917877372,
        0.07786748722302404
      ],
      [
        0.327847167055634,
        0.006975436647957688,
        0.9447050218651138,
        0.007515555678496722
      ],
      [
        0.0,
        0.0,
        0.0,
        1.0
      ]
    ],
    "mean_quat": [
      0.035349030048291305,
      0.07786748722302404,
      0.007515555678496722,
      0.11915386953664686,
      -0.11597346438684482,
      0.6918402775078794,
      0.7026446764548759
    ],
    "translation_std": [
      0.0031390372626779496,
      0.0033632136263275617,
      0.003467425502901764
    ],
    "angular_deviation_mean_rad": 0.01906994336428673,
    "angular_deviation_std_rad": 0.006643166427501474,
    "angular_deviation_mean_deg": 1.0926272703271398,
    "angular_deviation_std_deg": 0.38062539889883523,
    "num_samples_before_filtering": 2091,
    "num_samples_after_filtering": 1721,
    "wrist_cam_serial": "17368348"
  },
  "295341-1326783": {
    "mean_mat": [
      [
        -0.006789701845113117,
        -0.9999704140093248,
        0.0036153913860099618,
        0.035939580878602814
      ],
      [
        0.9458688666423937,
        -0.007595442780571254,
        -0.32446016144605544,
        0.08022148801283667
      ],
      [
        0.32447802246914637,
        0.0012166983959182788,
        0.945892452966787,
        0.010545882916188609
      ],
      [
        0.0,
        0.0,
        0.0,
        1.0
      ]
    ],
    "mean_quat": [
      0.035939580878602814,
      0.08022148801283667,
      0.010545882916188609,
      0.11716792219787749,
      -0.11543591955902875,
      0.7000495692435772,
      0.6948933926044165
    ],
    "translation_std": [
      0.004593136766386401,
      0.004351645903868535,
      0.006058171774240077
    ],
    "angular_deviation_mean_rad": 0.023306898646735554,
    "angular_deviation_std_rad": 0.01250783247061197,
    "angular_deviation_mean_deg": 1.335386925997117,
    "angular_deviation_std_deg": 0.7166460114227552,
    "num_samples_before_filtering": 1541,
    "num_samples_after_filtering": 1253,
    "wrist_cam_serial": "11744905"
  },
  "FR3-295341-1326783": {
    "mean_mat": [
      [
        -0.011401094326337376,
        -0.9999346613760829,
        -0.000829473845956519,
        0.039421790664928354
      ],
      [
        0.9461230028057759,
        -0.01051907685250542,
        -0.3236365439562615,
        0.07812965390135161
      ],
      [
        0.3236066726906973,
        -0.004474595050980643,
        0.9461811134181374,
        0.016591141550363276
      ],
      [
        0.0,
        0.0,
        0.0,
        1.0
      ]
    ],
    "mean_quat": [
      0.039421790664928354,
      0.07812965390135161,
      0.016591141550363276,
      0.1150400681371828,
      -0.11694112199702798,
      0.7014451661742669,
      0.6935886645266225
    ],
    "translation_std": [
      0.0045836828948607215,
      0.003668732873421278,
      0.006483773172099243
    ],
    "angular_deviation_mean_rad": 0.019061869334424813,
    "angular_deviation_std_rad": 0.008902791808607712,
    "angular_deviation_mean_deg": 1.0921646624923893,
    "angular_deviation_std_deg": 0.5100923965168629,
    "num_samples_before_filtering": 3530,
    "num_samples_after_filtering": 2473,
    "wrist_cam_serial": "11744905"
  },
  "fr3-295341-1326895": {
    "mean_mat": [
      [
        -0.007945515199200746,
        -0.9999257120323092,
        -0.009243332997281995,
        0.03114685323065596
      ],
      [
        0.9418641086495693,
        -0.004378479694294003,
        -0.3359655186969628,
        0.07845252720386978
      ],
      [
        0.33590008875552835,
        -0.01137538272965023,
        0.9418289287560573,
        0.005920324192574127
      ],
      [
        0.0,
        0.0,
        0.0,
        1.0
      ]
    ],
    "mean_quat": [
      0.03114685323065596,
      0.07845252720386978,
      0.005920324192574127,
      0.11683753221785842,
      -0.12423577056231566,
      0.6989550993535909,
      0.6945331046578274
    ],
    "translation_std": [
      0.0011612642249842508,
      0.002050760090325719,
      0.0026966082204856567
    ],
    "angular_deviation_mean_rad": 0.008691204607595418,
    "angular_deviation_std_rad": 0.006123982142951671,
    "angular_deviation_mean_deg": 0.4979693428998722,
    "angular_deviation_std_deg": 0.3508783306046124,
    "num_samples_before_filtering": 8451,
    "num_samples_after_filtering": 6599,
    "wrist_cam_serial": "14549178"
  },
  "fr3-": {
    "mean_mat": [
      [
        -0.00021355375509923561,
        -0.9999712690346906,
        -0.007577301626772085,
        0.03149276499294731
      ],
      [
        0.9404405280874922,
        0.002375136980246598,
        -0.3399499549269616,
        0.0799530356604352
      ],
      [
        0.33995818496590396,
        -0.007198599132780597,
        0.9404130011038836,
        0.003007938147485142
      ],
      [
        0.0,
        0.0,
        0.0,
        1.0
      ]
    ],
    "mean_quat": [
      0.03149276499294731,
      0.0799530356604352,
      0.003007938147485142,
      0.11937159226630299,
      -0.12467526782752665,
      0.6961054909061443,
      0.6968813715993978
    ],
    "translation_std": [
      0.000985073090876213,
      0.001466340308636998,
      0.0019472331418400547
    ],
    "angular_deviation_mean_rad": 0.007847308710157312,
    "angular_deviation_std_rad": 0.005289097989117851,
    "angular_deviation_mean_deg": 0.44961766962826377,
    "angular_deviation_std_deg": 0.3030429922075835,
    "num_samples_before_filtering": 10062,
    "num_samples_after_filtering": 8552,
    "wrist_cam_serial": "14549178"
  },
  "fr3-295341-1326898": {
    "mean_mat": [
      [
        0.006879089559489713,
        -0.9999743643013691,
        0.001987175610139555,
        0.03198072333356458
      ],
      [
        0.9458774451337036,
        0.005862144883554859,
        -0.3244710989359468,
        0.07885896201652466
      ],
      [
        0.3244511317813041,
        0.004111690338196973,
        0.9458935231242432,
        0.0019473223473767004
      ],
      [
        0.0,
        0.0,
        0.0,
        1.0
      ]
    ],
    "mean_quat": [
      0.03198072333356458,
      0.07885896201652466,
      0.0019473223473767004,
      0.11739188808398489,
      -0.11520582906240229,
      0.6951892347917218,
      0.6997561642399601
    ],
    "translation_std": [
      0.00043192794045644436,
      0.0012358369109056544,
      0.0008296156798546262
    ],
    "angular_deviation_mean_rad": 0.0016516291061533092,
    "angular_deviation_std_rad": 0.0006781562446984311,
    "angular_deviation_mean_deg": 0.09463137710354924,
    "angular_deviation_std_deg": 0.03885549067166121,
    "num_samples_before_filtering": 188,
    "num_samples_after_filtering": 157,
    "wrist_cam_serial": "16522755"
  },
  "295341-1326691": {
    "mean_mat": [
      [
        -0.005968448687641903,
        -0.999748608581418,
        0.02161243299079645,
        0.03813687179365519
      ],
      [
        0.9448744145449669,
        -0.01271391673937491,
        -0.327186028215525,
        0.083865478748052
      ],
      [
        0.32737855512933206,
        0.018468241948353364,
        0.9447127635851904,
        0.012780568321420388
      ],
      [
        0.0,
        0.0,
        0.0,
        1.0
      ]
    ],
    "mean_quat": [
      0.03813687179365519,
      0.083865478748052,
      0.012780568321420388,
      0.12453182772542795,
      -0.11016098261530304,
      0.7006060107171874,
      0.6939074862973762
    ],
    "translation_std": [
      1.0771864502518234e-16,
      4.828103092810844e-16,
      4.383444818233573e-17
    ],
    "angular_deviation_mean_rad": 0.0,
    "angular_deviation_std_rad": 0.0,
    "angular_deviation_mean_deg": 0.0,
    "angular_deviation_std_deg": 0.0,
    "num_samples_before_filtering": 574,
    "num_samples_after_filtering": 457,
    "wrist_cam_serial": "14436910"
  },
  "unknown": {
    "mean_mat": [
      [
        0.012984781123046353,
        -0.9999091926972083,
        -0.003605803489201366,
        0.029676149176550086
      ],
      [
        0.9469970516144739,
        0.013455091201323802,
        -0.3209603476354324,
        0.0779133492213844
      ],
      [
        0.32097971850676205,
        0.000752914590248302,
        0.9470857687807052,
        0.006966318861456111
      ],
      [
        0.0,
        0.0,
        0.0,
        1.0
      ]
    ],
    "mean_quat": [
      0.029676149176550086,
      0.0779133492213844,
      0.006966318861456111,
      0.11450318897416899,
      -0.11552547478540445,
      0.6929368471326113,
      0.7024111404841675
    ],
    "translation_std": [
      0.002918396237278534,
      0.0012358041179510385,
      0.0036141802504682163
    ],
    "angular_deviation_mean_rad": 0.007806919809710773,
    "angular_deviation_std_rad": 0.001989441523160216,
    "angular_deviation_mean_deg": 0.4473035560935031,
    "angular_deviation_std_deg": 0.11398660286515838,
    "num_samples_before_filtering": 1516,
    "num_samples_after_filtering": 1056,
    "wrist_cam_serial": "13062452"
  },
  "290102-1324143": {
    "mean_mat": [
      [
        0.016993128528572383,
        -0.9998335337380404,
        -0.006643673360052435,
        0.03187186644367683
      ],
      [
        0.9475965920338583,
        0.01822465844667464,
        -0.31894915047750066,
        0.07976648384261671
      ],
      [
        0.3190171348824837,
        -0.0008755783264280668,
        0.9477485431347101,
        0.00802039392193819
      ],
      [
        0.0,
        0.0,
        0.0,
        1.0
      ]
    ],
    "mean_quat": [
      0.03187186644367683,
      0.07976648384261671,
      0.00802039392193819,
      0.11293795525330275,
      -0.11563194496266144,
      0.6914713942310744,
      0.7040891864866903
    ],
    "translation_std": [
      0.0019384354035937535,
      0.0012940301191888394,
      0.004186190489487377
    ],
    "angular_deviation_mean_rad": 0.011270896856034903,
    "angular_deviation_std_rad": 0.004588303316662794,
    "angular_deviation_mean_deg": 0.6457748211780686,
    "angular_deviation_std_deg": 0.2628904151706558,
    "num_samples_before_filtering": 635,
    "num_samples_after_filtering": 532,
    "wrist_cam_serial": "13062452"
  },
  "panda-290102-1324143": {
    "mean_mat": [
      [
        0.005261002639563417,
        -0.9999682120964964,
        -0.005991381123161614,
        0.0323317460452473
      ],
      [
        0.9479728734224655,
        0.0068944224589708525,
        -0.3182764493237153,
        0.07840086280817894
      ],
      [
        0.3183076390952325,
        -0.004005213539089849,
        0.947979010926996,
        0.016169252479464116
      ],
      [
        0.0,
        0.0,
        0.0,
        1.0
      ]
    ],
    "mean_quat": [
      0.0323317460452473,
      0.07840086280817894,
      0.016169252479464116,
      0.11223587801322318,
      -0.11581710678091946,
      0.6956693873221067,
      0.7000240060214954
    ],
    "translation_std": [
      1.0090880168662889e-16,
      5.3824625991758775e-17,
      5.342344306248378e-17
    ],
    "angular_deviation_mean_rad": 0.0,
    "angular_deviation_std_rad": 0.0,
    "angular_deviation_mean_deg": 0.0,
    "angular_deviation_std_deg": 0.0,
    "num_samples_before_filtering": 254,
    "num_samples_after_filtering": 188,
    "wrist_cam_serial": "13062452"
  },
  "fr3-290102-1324143": {
    "mean_mat": [
      [
        0.014475960553023982,
        -0.9997939867586875,
        -0.014227811048686041,
        0.03762264907086215
      ],
      [
        0.9430878031660339,
        0.018380026654133148,
        -0.332035495300815,
        0.0772645407942972
      ],
      [
        0.3322285991385022,
        -0.008611542333588634,
        0.94315958313167,
        0.0130898945141669
      ],
      [
        0.0,
        0.0,
        0.0,
        1.0
      ]
    ],
    "mean_quat": [
      0.03762264907086215,
      0.0772645407942972,
      0.0130898945141669,
      0.1150395049181162,
      -0.1232319793818137,
      0.691068664447411,
      0.7028541047647846
    ],
    "translation_std": [
      0.0047424016987057905,
      0.00586970481189606,
      0.007806467327009987
    ],
    "angular_deviation_mean_rad": 0.02270295696375771,
    "angular_deviation_std_rad": 0.010028428176713476,
    "angular_deviation_mean_deg": 1.3007836164904585,
    "angular_deviation_std_deg": 0.5745866096757575,
    "num_samples_before_filtering": 8386,
    "num_samples_after_filtering": 6930,
    "wrist_cam_serial": "13062452"
  },
  "fr3-295341-1326595": {
    "mean_mat": [
      [
        -0.015269114526749838,
        -0.9998826244280942,
        -0.001261549981299075,
        0.046236250613417997
      ],
      [
        0.9508263089760759,
        -0.014129608013490154,
        -0.309402140161177,
        0.08162503756592768
      ],
      [
        0.30934799870130153,
        -0.00592381162525003,
        0.9509304517972531,
        0.015828194192432605
      ],
      [
        0.0,
        0.0,
        0.0,
        1.0
      ]
    ],
    "mean_quat": [
      0.046236250613417997,
      0.08162503756592768,
      0.015828194192432605,
      0.10946465375805865,
      -0.11203688535032447,
      0.7036208450468003,
      0.6930966255250802
    ],
    "translation_std": [
      1.2632141681807666e-15,
      1.4285706522038809e-15,
      2.828222044929283e-16
    ],
    "angular_deviation_mean_rad": 0.0,
    "angular_deviation_std_rad": 0.0,
    "angular_deviation_mean_deg": 0.0,
    "angular_deviation_std_deg": 0.0,
    "num_samples_before_filtering": 1502,
    "num_samples_after_filtering": 1498,
    "wrist_cam_serial": "18026681"
  },
  "FR3-295341-1326595": {
    "mean_mat": [
      [
        -0.001734391598594185,
        -0.9999922463652171,
        -0.003535405949582632,
        0.035303473610673756
      ],
      [
        0.9367462868755189,
        -0.0003872642746446167,
        -0.3500089199596324,
        0.07964788160836143
      ],
      [
        0.35000483698187584,
        -0.003918830926080196,
        0.9367396953548314,
        0.005386258027077234
      ],
      [
        0.0,
        0.0,
        0.0,
        1.0
      ]
    ],
    "mean_quat": [
      0.035303473610673756,
      0.07964788160836143,
      0.005386258027077234,
      0.12441179337307481,
      -0.1270899602339989,
      0.6962150083178457,
      0.6954527373376268
    ],
    "translation_std": [
      0.0031342307837554173,
      0.00292506736757583,
      0.005696710855716828
    ],
    "angular_deviation_mean_rad": 0.03428784022395674,
    "angular_deviation_std_rad": 0.013492995242643654,
    "angular_deviation_mean_deg": 1.9645485334516206,
    "angular_deviation_std_deg": 0.7730916803935796,
    "num_samples_before_filtering": 8146,
    "num_samples_after_filtering": 5702,
    "wrist_cam_serial": "18026681"
  },
  "295341-1326372": {
    "mean_mat": [
      [
        0.01552830124398136,
        -0.9997029561442283,
        -0.018784869894869452,
        0.03287206566149139
      ],
      [
        0.9479292601406272,
        0.020695856906530984,
        -0.31780780241546547,
        0.07287489266842417
      ],
      [
        0.3181021685397934,
        -0.012871712527685996,
        0.9479690550787434,
        0.005939004953303542
      ],
      [
        0.0,
        0.0,
        0.0,
        1.0
      ]
    ],
    "mean_quat": [
      0.03287206566149139,
      0.07287489266842417,
      0.005939004953303542,
      0.10823976771352034,
      -0.11958104007722782,
      0.6913293167746163,
      0.7043069666752659
    ],
    "translation_std": [
      0.003209795688768751,
      0.006810187152885765,
      0.003767050085506088
    ],
    "angular_deviation_mean_rad": 0.02079721368111529,
    "angular_deviation_std_rad": 0.007262227609038867,
    "angular_deviation_mean_deg": 1.191592569559641,
    "angular_deviation_std_deg": 0.41609499186130994,
    "num_samples_before_filtering": 1559,
    "num_samples_after_filtering": 1167,
    "wrist_cam_serial": "19824535"
  },
  "panda-295341-1325882": {
    "mean_mat": [
      [
        -0.025646799994288486,
        -0.9996315231762144,
        0.008891542186578607,
        0.0112055856063283
      ],
      [
        0.9433699827105668,
        -0.02714423481410071,
        -0.3306301048558981,
        0.08272745021163629
      ],
      [
        0.33074962943398484,
        -9.159017250688742e-05,
        0.9437185354969576,
        -0.004249544638767648
      ],
      [
        0.0,
        0.0,
        0.0,
        1.0
      ]
    ],
    "mean_quat": [
      0.0112055856063283,
      0.08272745021163629,
      -0.004249544638767648,
      0.12018620898719509,
      -0.11702994241136559,
      0.7064894851137818,
      0.6875549979253602
    ],
    "translation_std": [
      0.00010413198424489917,
      0.00414832026631134,
      0.003352679694862774
    ],
    "angular_deviation_mean_rad": 0.011264842132684093,
    "angular_deviation_std_rad": 0.004253547752892375,
    "angular_deviation_mean_deg": 0.6454279110839478,
    "angular_deviation_std_deg": 0.2437103341980883,
    "num_samples_before_filtering": 1228,
    "num_samples_after_filtering": 1005,
    "wrist_cam_serial": "16787047"
  }
}